0.013344
0.001377
0.002958
0.001160
0.006320
0.001036
0.004815
0.169949
0.001951
0.002591
0.001280
0.002962
0.001769
0.003645
0.001184
0.001325
0.001570
0.001069
0.001818
0.001821
0.002141
0.005100
0.003327
0.001439
0.001256
0.002434
0.011812
0.002837
0.001927
0.001277
0.001271
0.001741
0.001998
0.010987
0.002337
0.001595
0.021899
0.001667
0.001588
0.001836
0.001078
0.002510
0.001204
0.002048
0.001581
0.001489
0.004570
0.004082
0.001655
0.001373
0.001332
0.088203
0.001133
0.001004
0.001426
0.001480
0.002459
0.001311
0.001031
0.001150
0.001856
0.001323
0.002297
0.001025
0.001216
0.001235
0.001664
0.001173
0.002512
0.004940
0.002584
0.003146
0.001765
0.005094
0.001319
0.005995
0.001209
0.001074
0.002585
0.002376
0.001521
0.009783
0.002338
0.001871
0.010281
0.011282
0.005548
0.002074
0.001209
0.006941
0.002940
0.002835
0.001155
0.001373
0.003073
0.001460
0.001883
0.001145
0.001882
0.001146
0.021571
0.001159
0.005802
0.001670
0.040373
0.001122
0.001369
0.001187
0.001216
0.012955
0.004057
0.002124
0.005950
0.001575
0.001060
0.004008
0.001428
0.008915
0.001449
0.001923
0.004162
0.001028
0.001219
0.012587
0.001429
0.008480
0.001347
0.004914
0.001041
0.003966
0.021269
0.001009
0.011221
0.004785
0.001697
0.009245
0.012885
0.003323
0.001085
0.001140
0.002769
0.006452
0.002965
0.002001
0.001323
0.003648
0.001414
0.002247
0.002736
0.002612
0.001104
0.001756
0.002839
0.001380
0.001592
0.001007
0.001230
0.002815
0.005132
0.001295
0.001753
0.004328
0.001311
0.001570
0.002423
0.002976
0.001392
0.002121
0.001673
0.001569
0.002959
0.001108
0.001319
0.001578
0.002534
0.001978
0.001165
0.017632
0.001121
0.004848
0.002355
0.001255
0.001358
0.001371
0.001947
0.002871
0.001385
0.003215
0.001515
0.001143
0.024784
0.004938
0.012316
0.001267
0.001252
0.002107
0.010879
0.001964
0.001126
0.001501
0.009363
0.004741
0.001772
0.001195
0.001246
0.001109
0.003037
0.001520
0.001064
0.004833
0.001216
0.002786
0.001042
0.001810
0.023760
0.002127
0.001180
0.001333
0.001361
0.001999
0.001610
0.001313
0.001503
0.001469
0.001837
0.002201
0.008461
0.001630
0.001106
0.001026
0.003901
0.001018
0.005517
0.001289
0.001221
0.001060
0.001483
0.008321
0.001670
0.001635
0.003250
0.002437
0.001094
0.003821
0.001106
0.001062
0.001450
0.001333
0.001449
0.002428
0.004408
0.003437
0.006980
0.001180
0.001088
0.001523
0.003480
0.089457
0.004064
0.005645
0.001020
0.002122
0.006424
0.006315
0.004455
0.001067
0.011309
0.001170
0.025313
0.001506
0.002184
0.002974
0.052091
0.002746
0.001781
0.001092
0.003343
0.004431
0.001507
0.001069
0.001665
0.001182
0.004602
0.001404
0.001447
0.008246
0.002834
0.001080
0.007771
0.001777
0.011527
0.009533
0.001030
0.004386
0.004046
0.005254
0.006479
0.003142
0.252653
0.005410
0.001078
0.002176
0.002037
0.001065
0.001293
0.001012
0.001170
0.036693
0.004726
0.001956
0.001050
0.001297
0.002901
0.006198
0.002111
0.001023
0.003772
0.001288
0.001107
0.002692
0.003096
0.001036
0.002202
0.003446
0.005344
0.001513
0.002214
0.003122
0.001081
0.002205
0.002103
0.001174
0.001167
0.001103
0.001266
0.001597
0.001118
0.001561
0.001553
0.011830
0.008852
0.001683
0.001202
0.002299
0.001387
0.003443
0.002436
0.001069
0.048954
0.003292
0.003333
0.002971
0.003786
0.001410
0.001700
0.002360
0.002823
0.001024
0.001431
0.003705
0.002335
0.007106
0.010524
0.003700
0.048983
0.001164
0.001179
0.001103
0.002029
0.002066
0.001034
0.001724
0.048351
0.001252
0.001049
0.001363
0.019850
0.002781
0.001498
0.015039
0.001606
0.001093
0.002583
0.001192
0.001612
0.001090
0.004073
0.001089
0.001119
0.001115
0.005709
0.003209
0.211767
0.003933
0.001831
0.042681
0.011520
0.002610
0.001085
0.001792
0.001228
0.001126
0.010417
0.001209
0.001463
0.028496
0.001804
0.001392
0.002602
0.005187
0.001306
0.001055
0.011231
0.008314
0.001273
0.001457
0.094896
0.001019
0.001663
0.001112
0.001139
0.001351
0.005078
0.001136
0.001059
0.001418
0.001118
0.087987
0.025061
0.001227
0.001771
0.001190
0.001428
0.001570
0.001506
0.002709
0.001515
0.005293
0.024794
0.001017
0.002794
0.001262
0.001074
0.002341
0.001134
0.001399
0.014360
0.001127
0.001437
0.001535
0.001273
0.001757
0.002650
0.001064
0.002264
0.003165
0.001556
0.003064
0.003098
0.001494
0.008904
0.001196
0.001989
0.001275
0.002154
0.007651
0.008117
0.012308
0.003332
0.006450
0.016665
0.001619
0.001098
0.001029
0.001018
0.001264
0.001457
0.021788
0.001479
0.002725
0.001464
0.002214
0.001136
0.001001
0.002589
0.003218
0.003173
0.001032
0.001673
0.001671
0.001570
0.001464
0.002355
0.010170
0.002185
0.001199
0.004657
0.001804
0.001121
0.002068
0.001478
0.001072
0.019464
0.001713
0.001105
0.037504
0.002769
0.001703
0.014754
0.001023
0.001114
0.001367
0.002338
0.001287
0.001369
0.001309
0.021598
0.001011
0.001367
0.001588
0.001703
0.002836
0.003416
0.001052
0.002326
0.001417
0.001276
0.001644
0.004235
0.001486
0.025445
0.001153
0.001658
0.011816
0.002260
0.001989
0.009487
0.001325
0.027701
0.006156
0.001367
0.001086
0.001167
0.007951
0.001437
0.001717
0.001165
0.001375
0.001751
0.001710
0.002935
0.008366
0.001133
0.001682
0.017602
0.003325
0.003579
0.001215
0.001166
0.002067
0.002050
0.001132
0.002947
0.026381
0.001059
0.001362
0.001891
0.031298
0.002086
0.001807
0.005364
0.005454
0.002132
0.426099
0.003446
0.007695
0.001715
0.007984
0.001211
0.008725
0.001468
0.007089
0.004560
0.001790
0.001420
0.003795
0.001234
0.001073
0.019655
0.001504
0.002439
0.001908
0.001841
0.001421
0.001818
0.002069
0.002348
0.048021
0.001980
0.001177
0.001766
0.001525
0.001009
0.001029
0.001523
0.003568
0.010470
0.004708
0.002610
0.001117
0.003247
0.165310
0.517070
0.002019
0.001780
0.001419
0.001398
0.002790
0.001578
0.001333
0.001037
0.001018
0.003956
0.001978
0.001460
0.001318
0.001078
0.015109
0.001297
0.002339
0.001116
0.003115
0.032859
0.001127
0.003450
0.001478
0.006709
0.002731
0.001182
0.001984
0.004024
0.007719
0.001972
0.004015
0.001676
0.147897
0.001104
0.003420
0.002762
0.001871
0.001012
0.003100
0.001941
0.004180
0.001284
0.005914
0.001053
0.001418
0.004494
0.001390
0.010722
0.010221
0.001016
0.008537
0.001044
0.003682
0.001308
0.010328
0.001670
0.001650
0.001731
0.001247
0.001417
0.033750
0.366795
0.003549
0.029197
0.001103
0.001857
0.002591
0.002302
0.001901
0.001503
0.001122
0.001383
0.002309
0.030906
0.001490
0.010031
0.004063
0.002659
0.005536
0.003072
0.002792
0.003575
0.003599
0.001691
0.001009
0.002813
0.006382
0.001676
0.001138
0.001085
0.003550
0.001115
0.001084
0.001892
0.001088
0.001207
0.257547
0.003376
0.004085
0.001895
0.001100
0.008573
0.004415
0.002999
0.007057
0.001172
0.002425
0.002740
0.004739
0.001784
0.001543
0.001866
0.001261
0.001142
0.012083
0.001276
0.004636
0.004437
0.002727
0.014677
0.007525
0.001642
0.001059
0.029648
0.010494
0.001159
0.001176
0.010280
0.007283
0.015452
0.001663
0.051981
0.005867
0.001274
0.002890
0.003416
0.001577
0.001405
0.001620
0.001245
0.004008
0.004153
0.003086
0.001008
0.010759
0.002574
0.001289
0.003429
0.001730
0.009079
0.002905
0.001469
0.001445
0.003547
0.001422
0.001312
0.008212
0.001827
0.001200
0.004119
0.001683
0.002352
0.003910
0.001372
0.005393
0.001769
0.001033
0.001280
0.003930
0.001713
0.001727
0.002116
0.001281
0.001175
0.002154
0.001179
0.004511
0.004600
0.008749
0.001319
0.003240
0.002295
0.002340
0.001057
0.001482
0.011031
0.001414
0.001304
0.001625
0.001871
0.001041
0.005606
0.001110
0.004745
0.001152
0.015711
0.001359
0.001197
0.001211
0.001063
0.002447
0.002543
0.002447
0.006172
0.004412
0.001221
0.001029
0.002378
0.001010
0.012759
0.006727
0.003359
0.002021
0.001828
0.004225
0.007439
0.001626
0.001114
0.001151
0.004959
0.002356
0.001206
0.002806
0.003168
0.001006
0.004817
0.002747
0.001370
0.001002
0.006011
0.001496
0.002462
0.001889
0.043099
0.001858
0.001398
0.001200
0.001969
0.010265
0.001214
0.001766
0.004329
0.011000
0.001004
0.001358
0.003224
0.007729
0.002991
0.005185
0.001036
0.001983
0.001714
0.001261
0.001236
0.001180
0.001271
0.001029
0.005217
0.001965
0.001032
0.002979
0.006983
0.002684
0.001229
0.006244
0.001168
0.001917
0.001046
0.002839
0.001679
0.001285
0.001157
0.001276
0.001184
0.001163
0.001954
0.007680
0.001046
0.001257
0.003296
0.001086
0.003545
0.001196
0.001404
0.018471
0.001469
0.002039
0.070848
0.001202
0.001066
0.001023
0.006986
0.015266
0.002878
0.001085
0.004689
0.005435
0.002282
0.006211
0.001978
0.001030
0.001109
0.002787
0.001326
0.001343
0.004983
0.004104
0.001186
0.006723
0.001010
0.008254
0.020361
0.003698
0.001080
0.001341
0.003210
0.001657
0.004728
0.003121
0.002350
0.007257
0.003391
0.001851
0.005220
0.001659
0.002188
0.002634
0.001335
0.001190
0.001955
0.004318
0.001233
0.002462
0.001801
0.001789
0.008561
0.001394
0.001318
0.001076
0.001203
0.001336
0.034003
0.001157
0.001034
0.001059
0.001651
0.003644
0.001834
0.001288
0.001792
0.001097
0.001136
0.001243
0.002242
0.023055
0.002531
0.001180
0.002434
0.009115
0.001460
0.001155
0.003105
0.002052
0.003886
0.001211
0.001018
0.002830
0.001864
0.001351
0.003647
0.002815
0.002085
0.003390
0.004946
0.002252
0.004313
0.001302
0.001479
0.001360
0.001861
0.004835
0.001553
0.002444
0.001035
0.026003
0.002273
0.002791
0.001146
0.001252
0.002245
0.001812
0.001513
0.001387
0.001025
0.001149
0.001850
0.001045
0.004834
0.054528
0.001436
0.002214
0.002724
0.007014
0.001424
0.001865
0.001792
0.001126
0.003501
0.004842
0.001614
0.001289
0.002580
0.004188
0.006368
0.002852
0.003742
0.001765
0.001503
0.008494
0.002850
0.015420
0.001556
0.001048
0.001304
0.001621
0.001214
0.003466
0.001748
0.001015
0.003327
0.004084
0.002293
0.001595
0.002743
0.010030
0.007960
0.001153
0.001041
0.002573
0.023005
0.001731
0.007441
0.002388
0.001294
0.003660
0.001385
0.001012
0.001261
0.002683
0.009714
0.008857
0.002373
0.001390
0.018468
0.006254
0.003141
0.001162
0.002368
0.001192
0.001182
0.001472
0.019962
0.003752
0.003506
0.002493
0.002881
0.002576
0.003936
0.003305
0.001372
0.003491
0.001205
0.001203
0.001509
0.001672
0.013811
0.002701
0.001708
0.001185
0.001434
0.001508
0.001078
0.013110
0.002719
0.001038
0.004491
0.001553
0.001214
0.001645
0.002106
0.001500
0.003776
0.001959
0.001131
0.001938
0.001168
0.004624
0.001177
0.012073
0.002052
0.001745
0.002843
0.003305
0.002546
0.001045
0.001177
0.002235
0.003103
0.002347
0.003621
0.001038
0.025875
0.005199
0.037244
0.002530
0.006703
0.004136
0.001022
0.001067
0.001242
0.002216
0.001663
0.035610
0.001108
0.002089
0.001871
0.001320
0.001523
0.002682
0.001224
0.009572
0.001124
0.007003
0.002588
0.003703
0.011211
0.004581
0.001481
0.002549
0.001645
0.001110
0.002841
0.001578
0.014019
0.002701
0.001033
0.004812
0.001738
0.001056
0.007525
0.002723
0.002543
0.001421
0.002587
0.003504
0.006665
0.001155
0.001011
0.001294
0.004507
0.001241
0.001177
0.011204
0.001094
0.004580
0.002930
0.001023
0.002442
0.001042
0.002722
0.001045
0.001163
0.001482
0.001700
0.001099
0.001015
0.001802
0.010064
0.001786
0.002007
0.004592
0.001147
0.001195
0.001140
0.004106
0.010644
0.001010
0.012078
0.012525
0.001310
0.003465
0.001159
0.001643
0.002782
0.001290
0.001274
0.001521
0.001330
0.005949
0.001626
0.012338
0.008676
0.002141
0.001363
0.001479
0.002709
0.001392
0.004914
0.002237
0.003905
0.001505
0.001594
0.009555
0.002025
0.002007
0.003039
0.001769
0.002049
0.002541
0.001602
0.004375
0.001561
0.002086
0.001260
0.001061
0.004301
0.001745
0.001674
0.001067
0.001416
0.005503
0.001006
0.001262
0.001627
0.001374
0.002178
0.001080
0.002299
0.001596
0.002728
0.001537
0.003723
0.001068
0.001372
0.001392
0.002328
0.678986
0.003818
0.001161
0.002539
0.001192
0.016480
0.001027
0.003296
0.001196
0.001092
0.001988
0.002512
0.001966
0.002296
0.016691
0.001526
0.002330
0.001199
0.004066
0.008150
0.003607
0.006266
0.001880
0.001170
0.002010
0.006741
0.010326
0.002333
0.001187
0.001266
0.001242
0.001186
0.980720
0.001507
0.004583
0.001192
0.001416
0.005333
0.008641
0.001867
0.011722
0.001687
0.001140
0.001746
0.001035
0.001089
0.005010
0.002549
0.001332
0.002392
0.002041
0.001025
0.001827
0.001043
0.001205
0.001020
0.010222
0.001111
0.002453
0.001095
0.001455
0.005269
0.001325
0.001455
0.001229
0.001078
0.001928
0.001952
0.009992
0.001644
0.001017
0.005761
0.005931
0.001162
0.001407
0.007833
0.001286
0.001151
0.002023
0.001920
0.003668
0.001083
0.002021
0.001292
0.001133
0.003230
0.001326
0.001049
0.005122
0.007705
0.001155
0.001188
0.003332
0.001621
0.001916
0.012341
0.001849
0.001024
0.001746
0.001622
0.001714
0.001802
0.001327
0.001395
0.002463
0.002202
0.001229
0.006422
0.003224
0.003432
0.001552
0.001829
0.004906
0.010173
0.003297
0.016730
0.002578
0.246174
0.001007
0.001818
0.007585
0.001164
0.002629
0.002450
0.002135
0.001180
0.002128
0.001056
0.001214
0.001022
0.001781
0.002525
0.001877
0.003372
0.014061
0.001134
0.001417
0.001158
0.001000
0.001041
0.007525
0.001553
0.001979
0.003161
0.001394
0.001314
0.002766
0.016247
0.001311
0.002822
0.001683
0.001160
0.005117
0.001091
0.003915
0.001592
0.001310
0.001463
0.001745
0.001719
0.001511
0.010963
0.001088
0.006171
0.002711
0.001032
0.108297
0.043791
0.001202
0.117728
0.001026
0.001074
0.001542
0.002091
0.004191
0.002860
0.004637
0.001773
0.002526
0.001071
0.001157
0.001074
0.001258
0.039169
0.001180
0.001001
0.001551
0.001650
0.001465
0.005326
0.006509
0.003062
0.003802
0.019134
0.002169
0.001684
0.135359
0.002145
0.001644
0.001197
0.002124
0.001719
0.001306
0.013368
0.001005
0.001046
0.002457
0.004759
0.001933
0.001327
0.007643
0.002694
0.001465
0.001120
0.002575
0.001910
0.001121
0.001028
0.011664
0.001754
0.006454
0.004442
0.001184
0.002543
0.003769
0.003438
0.001077
0.003711
0.001404
0.001878
0.013510
0.006616
0.014992
0.001222
0.004698
0.016536
0.001293
0.001711
0.003882
0.003685
0.003117
0.002731
0.001657
0.001055
0.004060
0.001072
0.002138
0.008419
0.001104
0.001878
0.001512
0.028541
0.001395
0.002006
0.002394
0.001073
0.001345
0.002952
0.005241
0.002249
0.001220
0.003990
0.001767
0.001155
0.034674
0.001354
0.001102
0.001263
0.003284
0.006676
0.057459
0.001705
0.002048
0.001628
0.001881
0.001443
0.001839
0.001066
0.001278
0.002258
0.002145
0.002310
0.002141
0.006603
0.001144
0.001204
0.015041
0.001630
0.006926
0.004099
0.001006
0.001077
0.002156
0.001786
0.001260
0.002070
0.003592
0.001430
0.003917
0.001828
0.001228
0.003747
0.011061
0.003494
0.001200
0.001668
0.001079
0.002740
0.001873
0.001413
0.001319
0.001065
0.009708
0.004997
0.013221
0.001054
0.001014
0.007524
0.001786
0.007836
0.002818
0.001805
0.027865
0.001300
0.015046
0.001224
0.004352
0.003032
0.001966
0.002198
0.001212
0.003252
0.001471
0.001123
0.001795
0.001978
0.002068
0.002085
0.001223
0.001047
0.006413
0.001753
0.001119
0.004113
0.001367
0.001056
0.005438
0.001394
0.015122
0.001414
0.001228
0.002470
0.004216
0.001194
0.006929
0.003457
0.001536
0.002843
0.001721
0.008185
0.001320
0.002533
0.002458
0.002349
0.003660
0.001104
0.001144
0.001403
0.002650
0.001450
0.001500
0.001982
0.004249
0.001800
0.001416
0.001087
0.002003
0.001176
0.001575
0.001826
0.001813
0.002279
0.001117
0.001340
0.003851
0.154089
0.001019
0.001159
0.002816
0.001781
0.001049
0.013505
0.001113
0.002814
0.002078
0.006425
0.004009
0.002901
0.001200
0.001697
0.001025
0.002034
0.024114
0.004819
0.001017
0.001363
0.008950
0.002078
0.001727
0.001390
0.001036
0.011537
0.008110
0.001163
0.001236
0.002767
0.001158
0.001266
0.004838
0.004982
0.002973
0.006616
0.003842
0.004506
0.002088
0.001431
0.002820
0.001456
0.001015
0.006068
0.003953
0.001040
0.001603
0.003524
0.006184
0.001649
0.001037
0.003897
0.029785
0.001847
0.001079
0.001013
0.001650
0.036063
0.001181
0.002477
0.002629
0.001413
0.005959
0.001808
0.001154
0.002103
0.001488
0.009732
0.001518
0.008835
0.001290
0.001047
0.001296
0.001316
0.009047
0.001026
0.001388
0.001414
0.003923
0.001183
0.003402
0.004671
0.013903
0.003146
0.001397
0.001024
0.003297
0.003300
0.001006
0.007945
0.001507
0.002678
0.001245
0.001258
0.001148
0.001500
0.003985
0.001860
0.001346
0.001159
0.001601
0.001960
0.001223
0.002611
0.004018
0.001113
0.002817
0.001086
0.001660
0.001745
0.001308
0.001182
0.001340
0.001226
0.007109
0.002214
0.001263
0.002385
0.001409
0.001274
0.001927
0.002796
0.007783
0.003269
0.008135
0.001035
0.001088
0.002836
0.001992
0.001517
0.005070
0.012110
0.007466
0.001030
0.002240
0.002773
0.001150
0.001329
0.003678
0.002153
0.003253
0.001016
0.003376
0.001002
0.001251
0.002425
0.002226
0.001708
0.001282
0.008086
0.002807
0.003561
0.002188
0.002175
0.001817
0.001807
0.002360
0.002155
0.001173
0.001151
0.012475
0.095968
0.001078
0.004972
0.001024
0.002721
0.001890
0.001182
0.012196
0.001324
0.003380
0.002691
0.001353
0.001801
0.002709
0.001881
0.001100
0.001302
0.014192
0.001456
0.001161
0.002440
0.001091
0.003280
0.001225
0.002167
0.001236
0.004554
0.001151
0.001520
0.016539
0.001081
0.001507
0.001032
0.008976
0.001564
0.003001
0.001627
0.002096
0.002519
0.002817
0.001375
0.001387
0.019876
0.003831
0.022847
0.001763
0.006446
0.001254
0.001617
0.001239
0.001526
0.001034
0.001386
0.001102
0.001278
0.006595
0.001401
0.001046
0.001017
0.002810
0.001003
0.001101
0.001040
0.001035
0.001011
0.001670
0.003385
0.001657
0.056577
0.001538
0.001108
0.001355
0.002811
0.001068
0.001054
0.002582
0.002002
0.010890
0.006297
0.013869
0.001145
0.001284
0.036427
0.001693
0.001463
0.001250
0.001410
0.002611
0.001325
0.001445
0.001442
0.001330
0.001677
0.001531
0.001394
0.001708
0.004428
0.001043
0.006448
0.004207
0.001647
0.031900
0.001077
0.001103
0.001046
0.001141
0.003522
0.002210
0.001061
0.002399
0.001975
0.001227
0.005913
0.001907
0.002540
0.001226
0.003246
0.017077
0.005716
0.081607
0.001365
0.001204
0.001317
0.003216
0.002106
0.002143
0.001183
0.001511
0.002369
0.001039
0.001171
0.001033
0.001018
0.001281
0.001144
0.001065
0.001530
0.007259
0.002591
0.001686
0.001897
0.001193
0.002522
0.001510
0.002859
0.001349
0.002134
0.001620
0.001278
0.001638
0.001602
0.001973
0.002322
0.002710
0.001299
0.001177
0.001274
0.001639
0.001982
0.005504
0.001751
0.002887
0.006989
0.001809
0.010779
0.001019
0.002050
0.001385
0.008671
0.001219
0.003378
0.001623
0.001527
0.001537
0.003922
0.001056
0.002647
0.001466
0.001780
0.007692
0.003697
0.006583
0.001643
0.001516
0.002028
0.002747
0.001990
0.003877
0.001090
0.001058
0.002422
0.002069
0.003511
0.001894
0.001028
0.002787
0.001967
0.002181
0.030942
0.001673
0.003830
0.003135
0.005464
0.001153
0.001093
0.002431
0.001229
0.003529
0.022386
0.002758
0.002562
0.003293
0.002055
0.001064
0.001099
0.001088
0.003368
0.002464
0.006095
0.004946
0.002896
0.001830
0.001541
0.001691
0.068520
0.001612
0.001118
0.001933
0.044248
0.001093
0.014752
0.003615
0.004492
0.004210
0.008210
0.008216
0.001637
0.001106
0.002612
0.001558
0.003911
0.001378
0.001120
0.001429
0.001508
0.001247
0.001623
0.001102
0.005430
0.001342
0.011022
0.002004
0.003688
0.001397
0.026919
0.003565
0.003144
0.001089
0.001330
0.003000
0.001201
0.001250
0.001747
0.069393
0.001012
0.001501
0.007594
0.001670
0.001765
0.002046
0.004690
0.001287
0.005366
0.011906
0.002139
0.001234
0.001160
0.034467
0.001396
0.117809
0.001309
0.001278
0.001986
0.001018
0.002043
0.001890
0.003835
0.001317
0.002263
0.001040
0.019745
0.003878
0.001315
0.001645
0.003743
0.001335
0.003992
0.002658
0.003021
0.001295
0.001231
0.001954
0.001843
0.001045
0.001741
0.001055
0.001305
0.002336
0.001035
0.002114
0.002310
0.001371
0.004271
0.001138
0.001406
0.001464
0.002504
0.001084
0.002318
0.001266
0.001131
0.002137
0.001004
0.001560
0.054654
0.003804
0.002661
0.003806
0.001665
0.001508
0.001017
0.002492
0.007142
0.001904
0.002827
0.001463
0.002128
0.011986
0.014853
0.002307
0.001866
0.002071
0.007750
0.001373
0.002843
0.001236
0.002511
0.001419
0.001371
0.001284
0.002059
0.001641
0.004458
0.002076
0.004458
0.004225
0.001425
0.001771
0.002135
0.003554
0.005010
0.002218
0.001559
0.003136
0.001091
0.001066
0.001056
0.002638
0.001003
0.001006
0.001311
0.001878
0.002101
0.001163
0.004214
0.001286
0.001503
0.001672
0.002114
0.002626
0.002758
0.001111
0.001073
0.001811
0.002681
0.006956
0.001340
0.044924
0.001477
0.005322
0.003372
0.001197
0.001654
0.001128
0.007751
0.001937
0.001214
0.016065
0.001189
0.001219
0.018620
0.001670
0.002950
0.001943
0.002220
0.001847
0.003663
0.014003
0.010229
0.001423
0.002299
0.002276
0.001671
0.002775
0.001074
0.001094
0.002095
0.001481
0.001078
0.008531
0.001215
0.004675
0.001084
0.002397
0.013097
0.035174
0.001141
0.001139
0.011742
0.001398
0.001438
0.007683
0.003393
0.001024
0.001623
0.001427
0.001936
0.001189
0.001330
0.001693
0.001862
0.006356
0.001033
0.010775
0.002043
0.001113
0.001020
0.001102
0.001757
0.001101
0.001007
0.002629
0.009640
0.001092
0.001336
0.005926
0.001072
0.001610
0.086128
0.001007
0.003140
0.001425
0.008185
0.001738
0.001476
0.001409
0.003951
0.006181
0.001837
0.001047
0.001393
0.041101
0.009771
0.001461
0.008977
0.001761
0.001728
0.011500
0.002131
0.009316
0.001031
0.002164
0.002150
0.015316
0.002702
0.005353
0.004516
0.003380
0.001299
0.004372
0.003467
0.021766
0.001130
0.002575
0.001647
0.001794
0.019128
0.001228
0.001459
0.001720
0.001301
0.002566
0.001676
0.001185
0.048823
0.001468
0.002493
0.001690
0.001342
0.001224
0.001486
0.001401
0.003826
0.010228
0.001316
0.001685
0.003731
0.001069
0.001192
0.001015
0.006534
0.010017
0.038722
0.508111
0.002145
0.001603
0.001793
0.001985
0.002338
0.004609
0.033540
0.005921
0.001750
0.001622
0.001028
0.001711
0.003618
0.002691
0.007132
0.001032
0.006079
0.001281
0.001466
0.002497
0.001174
0.002322
0.001070
0.010747
0.002775
0.001295
0.013408
0.002060
0.001183
0.010543
0.002057
0.003363
0.001440
0.001020
0.001326
0.012459
0.005168
0.001293
0.004257
0.001376
0.002658
0.004912
0.003427
0.001631
0.001845
0.002453
0.001723
0.001487
0.006211
0.004207
0.056179
0.001026
0.001588
0.001058
0.016618
0.001072
0.001397
0.007934
0.002423
0.001801
0.004829
0.001185
0.001244
0.001164
0.001215
0.001813
0.001092
0.001027
0.003250
0.007375
0.001429
0.001558
0.003139
0.001065
0.004362
0.001234
0.002939
0.001304
0.002110
0.002113
0.001045
0.002062
0.002243
0.001712
0.002350
0.002041
0.001950
0.009642
0.001699
0.001151
0.001578
0.001324
0.001408
0.002343
0.001640
0.001899
0.001088
0.001919
0.002006
0.004646
0.001594
0.005957
0.001227
0.001121
0.010763
0.001004
0.001428
0.002420
0.001311
0.007117
0.001202
0.001392
0.001677
0.003833
0.003547
0.001041
0.001413
0.001335
0.019092
0.003635
0.001630
0.001492
0.001023
0.003279
0.020531
0.001705
0.001277
0.001051
0.016993
0.003814
0.006337
0.001495
0.002473
0.001069
0.001797
0.002100
0.001074
0.004308
0.001198
0.001445
0.002854
0.001507
0.002519
0.001122
0.001142
0.001568
0.001175
0.001728
0.002685
0.001128
0.001240
0.001077
0.001812
0.001276
0.004478
0.001706
0.002808
0.001042
0.001870
0.002500
0.004630
0.001516
0.085419
0.001710
0.001689
0.001775
0.001004
0.001925
0.001328
0.001204
0.005492
0.015963
0.002058
0.001828
0.001070
0.002847
0.006625
0.001275
0.001142
0.002018
0.001497
0.001473
0.002392
0.005237
0.002210
0.001654
0.001353
0.001317
0.001778
0.003975
0.007850
0.001355
0.001157
0.007397
0.003291
0.002232
0.001496
0.003340
0.001101
0.002445
0.009850
0.014466
0.002196
0.001774
0.001674
0.002602
0.001161
0.001398
0.007149
0.001362
0.005486
0.001289
0.002499
0.001761
0.001081
0.001249
0.007353
0.001513
0.001807
0.001497
0.001156
0.001534
0.002548
0.001375
0.001323
0.001529
0.006984
0.002428
0.001110
0.040107
0.001298
0.001026
0.011268
0.004969
0.001864
0.001508
0.001812
0.002581
0.002751
0.001512
0.012089
0.001942
0.002350
0.002158
0.038048
0.002916
0.004098
0.006428
0.001056
0.001326
0.001268
0.001232
0.002547
0.006488
0.001880
0.008722
0.001293
0.001552
0.001991
0.001489
0.001514
0.003975
0.001551
0.001378
0.002353
0.006800
0.002671
0.001090
0.001974
0.001444
0.001738
0.001759
0.005640
0.001064
0.001032
0.005091
0.003623
0.004807
0.003028
0.004645
0.001089
0.011837
0.001019
0.003314
0.004455
0.001954
0.002534
0.001051
0.008473
0.001188
0.001610
0.001334
0.016148
0.004139
0.002149
0.002125
0.002736
0.001268
0.002623
0.001220
0.002121
0.001112
0.002663
0.001626
0.001192
0.002931
0.001295
0.011635
0.001935
0.015843
0.003509
0.002333
0.007237
0.003798
0.001457
0.002933
0.001368
0.034085
0.003488
0.001220
0.001162
0.001166
0.001776
0.001107
0.014099
0.001036
0.002734
0.002385
0.001328
0.001427
0.004576
0.005024
0.001676
0.001788
0.001291
0.002347
0.001180
0.001854
0.002034
0.002839
0.001709
0.001367
0.001364
0.001444
0.001059
0.002458
0.001025
0.001485
0.002343
0.003864
0.002065
0.003662
0.011089
0.001017
0.006214
0.006630
0.001054
0.002009
0.001848
0.001428
0.005944
0.001390
0.001166
0.001371
0.003902
0.001593
0.008261
0.013455
0.007666
0.001707
0.002444
0.001458
0.003354
0.009411
0.002757
0.004264
0.002041
0.002981
0.001160
0.001162
0.001792
0.002990
0.009154
0.001599
0.003169
0.003943
0.001346
0.003884
0.001411
0.003807
0.001101
0.001191
0.001073
0.001308
0.001775
0.005647
0.002639
0.001523
0.004209
0.002068
0.004639
0.001642
0.007429
0.002073
0.001451
0.002121
0.001477
0.006867
0.001319
0.001876
0.001031
0.003356
0.001225
0.013994
0.001147
0.009835
0.003228
0.001638
0.002942
0.001038
0.001210
0.004220
0.001246
0.001322
0.001049
0.002841
0.001118
0.003052
0.001052
0.008925
0.001311
0.006348
0.001441
0.001157
0.001643
0.002719
0.003088
0.003804
0.002057
0.026711
0.001331
0.002202
0.003077
0.001782
0.001971
0.005591
0.001567
0.001300
0.001329
0.001084
0.001367
0.001746
0.006879
0.001899
0.003206
0.011355
0.001210
0.005234
0.002521
0.001289
0.003508
0.007834
0.001115
0.001079
0.001042
0.002002
0.003493
0.003596
0.001391
0.001375
0.003276
0.002174
0.006658
0.001691
0.001043
0.001596
0.001363
0.001681
0.002618
0.002099
0.001951
0.013751
0.001015
0.001594
0.001723
0.003386
0.001444
0.002531
0.002187
0.025037
0.007052
0.001432
0.006287
0.162842
0.001607
0.009140
0.001989
0.001165
0.002726
0.005148
0.001721
0.001585
0.001616
0.001431
0.005188
0.001738
0.003267
0.001130
0.007485
0.001548
0.002846
0.001620
0.001432
0.002985
0.004594
0.003908
0.001691
0.001155
0.001634
0.001015
0.001121
0.001385
0.001464
0.046889
0.001379
0.003514
0.007988
0.004968
0.008362
0.002140
0.002696
0.001487
0.020793
0.001073
0.002813
0.004349
0.001987
0.001611
0.010854
0.001645
0.004127
0.002361
0.005097
0.001119
0.001404
0.002576
0.007632
0.003531
0.004190
0.001403
0.003756
0.009019
0.002363
0.001112
0.007896
0.008889
0.005935
0.004239
0.003387
0.003699
0.001507
0.001599
0.001120
0.001436
0.001806
0.004248
0.001135
0.001008
0.001232
0.001056
0.001667
0.114717
0.002736
0.001321
0.001113
0.036947
0.009000
0.001005
0.003310
0.003029
0.001412
0.001875
0.002387
0.010865
0.002349
0.001925
0.005219
0.001777
0.001401
0.002185
0.001271
0.002763
0.035003
0.001477
0.001002
0.001747
0.001154
0.001137
0.001772
0.001480
0.001211
0.007916
0.001470
0.005965
0.001174
0.001742
0.005334
0.001071
0.001757
0.002172
0.003920
0.003924
0.001072
0.001577
0.003040
0.002840
0.008706
0.002041
0.001162
0.001250
0.001124
0.001553
0.007490
0.001102
0.003318
0.007603
0.002109
0.006779
0.001023
0.001026
0.001267
0.001247
0.010523
0.002175
0.001074
0.001086
0.001030
0.009616
0.001172
0.001857
0.001849
0.012448
0.001335
0.002132
0.001443
0.031904
0.001296
0.001283
0.001957
0.001592
0.001745
0.002551
0.004032
0.001478
0.003457
0.001939
0.001287
0.001392
0.001582
0.001327
0.001444
0.002440
0.001821
0.001312
0.001225
0.002103
0.001469
0.001272
0.001800
0.001896
0.003246
0.022559
0.001703
0.334442
0.001999
0.003885
0.030446
0.003986
0.001015
0.001875
0.001201
0.001792
0.001150
0.022001
0.004823
0.007277
0.001827
0.001064
0.001215
0.006906
0.001445
0.001969
0.001900
0.004659
0.004015
0.003048
0.001533
0.001134
0.012674
0.005647
0.002493
0.002706
0.004732
0.001076
0.002698
0.001485
0.005711
0.002541
0.001141
0.006333
0.001148
0.001414
0.001465
0.001355
0.001355
0.001180
0.001187
0.003786
0.001271
0.001510
0.002597
0.002131
0.007435
0.001168
0.001547
0.002768
0.006104
0.003610
0.004371
0.004371
0.002342
0.001686
0.001777
0.001660
0.001929
0.001139
0.003965
0.001518
0.003879
0.009400
0.001279
0.009513
0.001272
0.002201
0.001226
0.001937
0.003480
0.001527
0.001359
0.032389
0.003369
0.012179
0.002040
0.002455
0.001093
0.010535
0.001386
0.017318
0.002832
0.001106
0.003655
0.001366
0.002034
0.001266
0.003158
0.001055
0.001505
0.001873
0.001654
0.001144
0.001625
0.002685
0.001052
0.002574
0.001288
0.001306
0.001177
0.063324
0.002452
0.001722
0.023028
0.001511
0.001559
0.001921
0.084177
0.001812
0.001688
0.001374
0.001686
0.001124
0.001590
0.001221
0.001617
0.013213
0.001656
0.001133
0.408018
0.004096
0.002452
0.001652
0.010592
0.001039
0.001087
0.034259
0.002885
0.001440
0.001275
0.005682
0.001421
0.006047
0.001388
0.001364
0.001264
0.002893
0.004355
0.001253
0.001184
0.001284
0.001930
0.002334
0.001501
0.009336
0.004389
0.003818
0.005836
0.001268
0.008085
0.005805
0.001017
0.001976
0.001349
0.013679
0.002149
0.001517
0.010376
0.001311
0.002973
0.001170
0.001112
0.001018
0.001020
0.001623
0.001399
0.001296
0.001103
0.001113
0.001776
0.001335
0.001482
0.041036
0.006789
0.003100
0.007968
0.002836
0.001823
0.003590
0.009127
0.001552
0.002359
0.011285
0.009004
0.007521
0.006607
0.001813
0.001314
0.004298
0.003381
0.017852
0.017779
0.005559
0.031555
0.033651
0.001318
0.001360
0.001265
0.001510
0.001587
0.002956
0.002509
0.003524
0.002819
0.001932
0.001758
0.002194
0.001222
0.014109
0.001447
0.001113
0.001438
0.013975
0.001040
0.001285
0.005198
0.009548
0.003195
0.001097
0.003139
0.001751
0.001053
0.002772
0.001399
0.001032
0.002623
0.002158
0.001421
0.006966
0.012040
0.003170
0.002194
0.002164
0.001779
0.001314
0.001087
0.011449
0.005235
0.001358
0.006753
0.001188
0.001583
0.001236
0.001121
0.001690
0.001718
0.016809
0.001491
0.001185
0.001050
0.001070
0.002472
0.001110
0.003475
0.012811
0.001149
0.001591
0.001916
0.001758
0.001352
0.001712
0.001200
0.006021
0.001018
0.002604
0.001125
0.001108
0.002215
0.018352
0.001575
0.001755
0.001138
0.004130
0.002732
0.001300
0.001267
0.001121
0.001234
0.002221
0.001363
0.001313
0.002639
0.009854
0.001516
0.001597
0.005946
0.001909
0.004374
0.001523
0.025094
0.001085
0.004688
0.001163
0.014415
0.005186
0.004407
0.001067
0.013641
0.001562
0.001026
0.001453
0.005582
0.001173
0.001132
0.001944
0.001619
0.001493
0.002511
0.002398
0.013050
0.010604
0.006721
0.002286
0.005455
0.001291
0.001000
0.003035
0.003572
0.004381
0.001075
0.003235
0.007364
0.007657
0.006796
0.005178
0.003293
0.002845
0.008471
0.002774
0.001070
0.011665
0.001011
0.010046
0.001094
0.001146
0.001694
0.001898
0.001864
0.001076
0.001128
0.001686
0.001003
0.001002
0.001033
0.005567
0.001293
0.001033
0.002085
0.001000
0.005249
0.002472
0.003241
0.003265
0.001966
0.002325
0.002129
0.001307
0.001363
0.001780
0.011193
0.001501
0.001599
0.013295
0.001351
0.001869
0.001081
0.003201
0.001003
0.002191
0.004306
0.001133
0.001015
0.004374
0.001135
0.001049
0.002610
0.001536
0.001086
0.001234
0.001537
0.010531
0.005210
0.001104
0.002620
0.001505
0.003058
0.001251
0.002396
0.155465
0.002883
0.002058
0.001494
0.001091
0.001846
0.002524
0.002244
0.002165
0.001503
0.002263
0.001160
0.001173
0.003188
0.001180
0.020424
0.005625
0.001250
0.002389
0.001264
0.001390
0.004827
0.002321
0.001267
0.002672
0.003050
0.007024
0.001022
0.001628
0.001102
0.002539
0.001619
0.004128
0.001211
0.003781
0.006948
0.002818
0.001610
0.001784
0.001304
0.003789
0.001062
0.001601
0.011224
0.004043
0.002157
0.007715
0.002505
0.004105
0.001917
0.006091
0.001093
0.001448
0.001773
0.001425
0.132747
0.001191
0.001233
0.001018
0.002246
0.001397
0.002671
0.001001
0.001098
0.005619
0.003802
0.033972
0.001990
0.001195
0.001724
0.004024
0.014477
0.001931
0.001209
0.006753
0.001384
0.003647
0.003842
0.012207
0.002059
0.001355
0.004313
0.002539
0.002402
0.001327
0.020373
0.002379
0.001700
0.001185
0.002494
0.001030
0.001805
0.001374
0.001032
0.002180
0.001154
0.004388
0.002090
0.002791
0.037691
0.001006
0.001754
0.011098
0.001955
0.002592
0.004469
0.004806
0.001613
0.002202
0.003644
0.017441
0.006151
0.002105
0.002293
0.001824
0.004917
0.002121
0.001099
0.001330
0.003320
0.003318
0.001385
0.001241
0.001026
0.001449
0.004074
0.001190
0.001145
0.001464
0.005638
0.001124
0.001478
0.001405
0.001048
0.006440
0.019332
0.005891
0.002932
0.001524
0.001690
0.001731
0.001436
0.001390
0.001012
0.010777
0.004083
0.005268
0.001845
0.007196
0.001111
0.001258
0.002405
0.001616
0.001679
0.002579
0.003465
0.001256
0.004789
0.007084
0.002128
0.002761
0.001005
0.009275
0.045625
0.001054
0.004050
0.014465
0.009263
0.001811
0.001417
0.001485
0.011627
0.002575
0.002641
0.014054
0.002173
0.001705
0.004046
0.001063
0.001440
0.007697
0.001362
0.015132
0.001392
0.003209
0.002287
0.001048
0.013818
0.001639
0.011902
0.001910
0.001093
0.012841
0.001650
0.001077
0.133973
0.001238
0.001024
0.008884
0.002890
0.001468
0.001319
0.002422
0.073125
0.009846
0.002144
0.002134
0.001509
0.001487
0.002472
0.002938
0.001296
0.009772
0.002561
0.002079
0.002542
0.001287
0.002318
0.002232
0.002681
0.002019
0.001096
0.003588
0.001807
0.001947
0.005089
0.001794
0.003275
0.005931
0.001554
0.001636
0.001230
0.002578
0.001038
0.001218
0.002140
0.002346
0.003674
0.011325
0.019552
0.001572
0.002443
0.001240
0.001403
0.001332
0.003708
0.015997
0.001924
0.001516
0.002024
0.001192
0.008548
0.002505
0.011273
0.001555
0.001167
0.003715
0.005933
0.007128
0.002429
0.001289
0.001389
0.004928
0.007503
0.001467
0.001021
0.001746
0.015963
0.004025
0.001567
0.009405
0.001193
0.001015
0.001130
0.001835
0.001359
0.007409
0.001695
0.004312
0.001311
0.035051
0.028859
0.001176
0.002389
0.008591
0.002058
0.003838
0.002744
0.001609
0.002649
0.001373
0.002606
0.019017
0.001125
0.002037
0.001393
0.001153
0.001002
0.001312
0.011002
0.001571
0.001190
0.001106
0.001609
0.001383
0.002262
0.002932
0.001211
0.001031
0.001857
0.001714
0.001013
0.001780
0.002358
0.002471
0.001536
0.001171
0.001598
0.001045
0.002139
0.001059
0.001462
0.001251
0.001021
0.001761
0.003679
0.001435
0.002343
0.003704
0.002229
0.002014
0.001166
0.003658
0.002546
0.002120
0.001058
0.001276
0.001309
0.001299
0.001329
0.003532
0.002966
0.001353
0.001254
0.001399
0.009199
0.002283
0.001775
0.001413
0.002557
0.001033
0.001538
0.046707
0.001305
0.001590
0.001720
0.001015
0.003259
0.001056
0.003945
0.001408
0.002273
0.011860
0.001073
0.001279
0.001868
0.001140
0.001789
0.003575
0.001555
0.003420
0.001894
0.001082
0.001023
0.003236
0.001571
0.012443
0.001425
0.005969
0.001306
0.021820
0.007777
0.002481
0.015884
0.001159
0.001030
0.001596
0.001179
0.003653
0.001750
0.013858
0.001072
0.001053
0.006830
0.001157
0.001369
0.001537
0.001352
0.003732
0.001136
0.002719
0.001902
0.002504
0.003528
0.001993
0.001503
0.001150
0.001780
0.002849
0.001002
0.003225
0.002602
0.007966
0.001493
0.002318
0.001046
0.001564
0.001005
0.001244
0.001158
0.001768
0.001170
0.001257
0.001951
0.001036
0.001523
0.004590
0.001629
0.002618
0.002193
0.002051
0.001422
0.001085
0.001201
0.001070
0.002397
0.002041
0.001245
0.001087
0.001265
0.001248
0.004570
0.006811
0.001118
0.001183
0.001821
0.001176
0.002100
0.001840
0.001538
0.003048
0.016538
0.002009
0.011078
0.001798
0.002173
0.001383
0.001363
0.062011
0.016181
0.006275
0.002010
0.001339
0.016244
0.003165
0.001471
0.002161
0.001319
0.002109
0.002663
0.001847
0.003906
0.001787
0.001522
0.007545
0.002538
0.005711
0.001053
0.001224
0.001463
0.001674
0.008571
0.001377
0.022990
0.005156
0.003839
0.002037
0.001142
0.001060
0.001997
0.001089
0.011080
0.001067
0.001510
0.007030
0.004090
0.003086
0.001737
0.001049
0.001333
0.001117
0.002033
0.001046
0.002234
0.009099
0.012877
0.001266
0.003734
0.131927
0.001662
0.001109
0.001663
0.001448
0.001603
0.001584
0.001185
0.001195
0.012885
0.001394
0.001282
0.001790
0.001582
0.001183
0.002035
0.003665
0.001050
0.001440
0.001785
0.001903
0.001547
0.003432
0.002423
0.010275
0.004142
0.001239
0.005153
0.003298
0.001690
0.002306
0.003253
0.006237
0.003071
0.001166
0.001227
0.001117
0.002078
0.001526
0.001368
0.001854
0.002802
0.001990
0.021690
0.001073
0.002986
0.001909
0.005145
0.003553
0.005269
0.001395
0.001315
0.001255
0.001048
0.006987
0.001152
0.005302
0.001092
0.034487
0.002162
0.001990
0.002206
0.001381
0.001586
0.001366
0.001735
0.002297
0.001603
0.001007
0.025048
0.002957
0.001881
0.002594
0.001265
0.001773
0.003225
0.010918
0.030022
0.002108
0.002821
0.004661
0.006240
0.012959
0.001035
0.009541
0.004825
0.001200
0.003621
0.009450
0.001174
0.001438
0.001713
0.003442
0.002460
0.005444
0.001032
0.001083
0.001707
0.001692
0.001091
0.001632
0.001142
0.002260
0.001065
0.001510
0.001058
0.004144
0.001370
0.001035
0.001481
0.026824
0.005715
0.001250
0.009298
0.007472
0.001141
0.003372
0.001071
0.007558
0.002620
0.001276
0.001256
0.001101
0.032525
0.005625
0.014141
0.001012
0.011849
0.001570
0.001729
0.001024
0.004470
0.002243
0.002400
0.006569
0.016123
0.002805
0.002703
0.001293
0.003134
0.001015
0.001253
0.002149
0.001275
0.001140
0.001751
0.001520
0.006471
0.001998
0.001317
0.001970
0.003773
0.001822
0.002448
0.003484
0.001447
0.002166
0.003658
0.001329
0.020398
0.001243
0.001374
0.003829
0.004348
0.009210
0.002571
0.003592
0.002259
0.001404
0.001002
0.001397
0.001435
0.001256
0.006703
0.002119
0.001492
0.001453
0.011368
0.001266
0.006388
0.001215
0.003579
0.002521
0.002787
0.001547
0.001557
0.001010
0.016328
0.001154
0.001347
0.009706
0.001498
0.002174
0.002901
0.001173
0.001837
0.001452
0.009469
0.001079
0.002585
0.009653
0.001563
0.029789
0.001147
0.001323
0.002021
0.001863
0.002313
0.001782
0.003224
0.001790
0.002689
0.001808
0.001114
0.001458
0.005960
0.001868
0.001480
0.004610
0.002551
0.002469
0.003313
0.001002
0.001232
0.001648
0.001176
0.002923
0.003652
0.001078
0.003850
0.001611
0.172330
0.001174
0.001555
0.001143
0.001659
0.010337
0.002484
0.001028
0.001577
0.001494
0.001887
0.001056
0.005164
0.002377
0.001585
0.002950
0.001114
0.003499
0.001913
0.003591
0.001541
0.001288
0.003622
0.002216
0.002708
0.009960
0.001342
0.001655
0.766590
0.001048
0.005109
0.164983
0.001241
0.001252
0.001139
0.002522
0.001150
0.003744
0.002726
0.002014
0.001127
0.001186
0.002273
0.018293
0.004053
0.081255
0.002634
0.007920
0.003408
0.001180
0.002616
0.001122
0.001613
0.001617
0.003010
0.001074
0.001442
0.033279
0.001881
0.001441
0.001027
0.001449
0.001435
0.001285
0.002083
0.001755
0.006835
0.002959
0.001265
0.002058
0.001275
0.001482
0.003174
0.004980
0.001403
0.001896
0.004791
0.021874
0.001599
0.002120
0.001139
0.001054
0.002831
0.002034
0.001772
0.001555
0.002394
0.004285
0.001509
0.001121
0.001135
0.001575
0.001732
0.001744
0.002494
0.001007
0.009853
0.001926
0.003031
0.001156
0.001060
0.012707
0.001875
0.003988
0.003781
0.004526
0.001361
0.002252
0.003911
0.002904
0.001164
0.008921
0.003487
0.005150
0.001729
0.001245
0.001254
0.001068
0.001012
0.002221
0.001209
0.001151
0.031646
0.002543
0.002304
0.002366
0.002595
0.001951
0.001131
0.001490
0.002726
0.001210
0.001373
0.001182
0.024614
0.001061
0.031699
0.001312
0.002623
0.003593
0.014937
0.004468
0.002707
0.002955
0.002551
0.001121
0.008990
0.006106
0.001209
0.010384
0.001717
0.001537
0.001065
0.001657
0.001018
0.002724
0.001037
0.002732
0.001210
0.001179
0.001023
0.005859
0.001489
0.001418
0.001023
0.001430
0.001549
0.001003
0.002219
0.001034
0.003638
0.001999
0.005404
0.001652
0.001268
0.001835
0.002037
0.001149
0.001481
0.003304
0.001064
0.004304
0.001110
0.001138
0.001262
0.001133
0.004333
0.001323
0.004262
0.063275
0.001669
0.004788
0.005512
0.004046
0.001148
0.006490
0.001113
0.001959
0.006647
0.002943
0.002106
0.002496
0.001266
0.001599
0.001057
0.001748
0.007473
0.002312
0.002301
0.001287
0.001447
0.002708
0.001040
0.001702
0.004291
0.001328
0.002159
0.002299
0.001998
0.001519
0.002248
0.020293
0.001212
0.001687
0.003515
0.001442
0.001401
0.005981
0.005754
0.001206
0.002090
0.001625
0.004767
0.004034
0.004688
0.006870
0.001289
0.003065
0.001821
0.005408
0.015328
0.004683
0.001913
0.081649
0.001316
0.001400
0.001316
0.005053
0.008826
0.004192
0.001226
0.001875
0.003623
0.001571
0.012268
0.001902
0.003210
0.001294
0.001517
0.002188
0.001676
0.010324
0.073470
0.001306
0.003064
0.004501
0.001141
0.015761
0.001940
0.002396
0.004246
0.001776
0.001681
0.001395
0.001754
0.002949
0.002386
0.003197
0.001978
0.001968
0.001932
0.003273
0.001023
0.001337
0.001124
0.019304
0.003963
0.005392
0.001238
0.001157
0.001644
0.002546
0.001070
0.001622
0.007867
0.003966
0.001257
0.001030
0.003317
0.003400
0.002592
0.001984
0.001237
0.001084
0.005174
0.002739
0.003969
0.001729
0.001572
0.001399
0.031597
0.008682
0.001036
0.001003
0.001199
0.001170
0.020784
0.019105
0.001002
0.001190
0.001112
0.001650
0.004669
0.001200
0.005178
0.003115
0.019669
0.001057
0.003467
0.002947
0.004291
0.001579
0.001261
0.001007
0.001812
0.001060
0.002799
0.001316
0.001927
0.001068
0.002152
0.001852
0.031159
0.002341
0.001862
0.001170
0.003746
0.001751
0.001123
0.003779
0.002495
0.001268
0.001214
0.001725
0.001620
0.001027
0.001178
0.001532
0.001087
0.008962
0.001069
0.007213
0.001394
0.001376
0.007694
0.004060
0.001495
0.002164
0.001045
0.006463
0.002546
0.002393
0.001510
0.002410
0.001261
0.005954
0.003938
0.073857
0.001420
0.008020
0.003660
0.016561
0.001134
0.015887
0.001606
0.002031
0.036973
0.002159
0.009502
0.001067
0.001819
0.050452
0.016947
0.004097
0.001353
0.005612
0.002174
0.002534
0.001648
0.002420
0.001922
0.001063
0.001282
0.006713
0.002861
0.001764
0.003366
0.001764
0.001740
0.001055
0.001508
0.001249
0.001011
0.001854
0.001184
0.001637
0.001033
0.001161
0.063486
0.015435
0.001254
0.001788
0.012496
0.001193
0.001316
0.001255
0.001025
0.005149
0.006041
0.001721
0.001743
0.001533
0.001931
0.002958
0.001302
0.001226
0.001174
0.060212
0.002707
0.002397
0.001045
0.001028
0.005127
0.001057
0.001959
0.001004
0.001805
0.002099
0.001166
0.001775
0.001908
0.001535
0.012917
0.001714
0.002075
0.001227
0.002727
0.002196
0.001035
0.001989
0.001027
0.001859
0.008525
0.002043
0.001213
0.001169
0.003469
0.001486
0.001156
0.001619
0.024899
0.001217
0.001697
0.004435
0.001305
0.020558
0.004525
0.003305
0.001957
0.021219
0.001225
0.001029
0.001462
0.001148
0.001807
0.007662
0.001463
0.001156
0.001790
0.001541
0.002800
0.001886
0.006529
0.002218
0.001045
0.001063
0.003422
0.004180
0.001636
0.007379
0.001231
0.001566
0.001083
0.002570
0.001219
0.001454
0.002356
0.001006
0.001068
0.001139
0.025488
0.001331
0.001177
0.001408
0.001616
0.002549
0.001236
0.003552
0.004133
0.002823
0.001136
0.001776
0.001202
0.001004
0.001050
0.001269
0.001068
0.004206
0.001022
0.001838
0.002847
0.001266
0.006753
0.003767
0.006590
0.001072
0.001107
0.001829
0.001079
0.001192
0.002400
0.001050
0.001708
0.004004
0.001513
0.005799
0.001656
0.002171
0.002342
0.001248
0.001307
0.003391
0.002856
0.001689
0.003448
0.003370
0.002733
0.004603
0.001993
0.002925
0.001387
0.001247
0.010090
0.001198
0.041592
0.004246
0.001306
0.001089
0.001351
0.001448
0.001323
0.008127
0.001561
0.003084
0.002844
0.003567
0.002136
0.001111
0.001434
0.001190
0.001432
0.002211
0.009255
0.001010
0.001019
0.002650
0.003508
0.002900
0.001786
0.001349
0.001552
0.003861
0.001867
0.001393
0.016416
0.001814
0.001103
0.001237
0.002156
0.001553
0.002039
0.005159
0.001356
0.011275
0.002051
0.022801
0.002850
0.001115
0.001077
0.001011
0.001361
0.001601
0.002269
0.001227
0.001629
0.002382
0.005941
0.001178
0.001393
0.001442
0.001709
0.002891
0.001107
0.013357
0.108243
0.001058
0.001650
0.001097
0.001329
0.101896
0.001814
0.004571
0.005002
0.003732
0.003438
0.001537
0.003328
0.001660
0.001843
0.004562
0.001692
0.003912
0.001248
0.001032
0.032709
0.002481
0.002590
0.005234
0.004252
0.016569
0.001185
0.001287
0.002556
0.001341
0.001205
0.002522
0.001450
0.002346
0.003347
0.002324
0.002316
0.001248
0.001633
0.001676
0.037495
0.001172
0.004523
0.003135
0.002239
0.001383
0.001978
0.001026
0.001076
0.003452
0.001060
0.001054
0.001536
0.003087
0.007721
0.001189
0.002706
0.001063
0.001630
0.001401
0.001460
0.002306
0.014814
0.002787
0.001239
0.002852
0.001350
0.004594
0.008148
0.002970
0.001294
0.007002
0.005917
0.001055
0.002292
0.001713
0.001494
0.001131
0.001796
0.001679
0.006419
0.002012
0.001847
0.001295
0.001295
0.001558
0.001643
0.009200
0.001724
0.005199
0.001258
0.004154
0.001690
0.001187
0.001774
0.002588
0.005839
0.003513
0.001757
0.003625
0.001715
0.003072
0.002534
0.001395
0.003749
0.001282
0.003572
0.001128
0.001513
0.001266
0.002103
0.001279
0.003734
0.001048
0.001827
0.001012
0.001682
0.008552
0.010685
0.007229
0.003439
0.001159
0.002803
0.001200
0.001424
0.001155
0.005021
0.001197
0.007796
0.001371
0.012265
0.001466
0.001002
0.002188
0.002598
0.003789
0.004677
0.001601
0.007624
0.001202
0.002488
0.001728
0.001641
0.001588
0.001884
0.008490
0.001620
0.012460
0.004548
0.001456
0.004868
0.002086
0.001840
0.001889
0.003362
0.004541
0.002597
0.002143
0.064777
0.002050
0.006002
0.010781
0.007413
0.006112
0.001894
0.002027
0.002487
0.001424
0.013843
0.001973
0.001896
0.002191
0.032665
0.010595
0.030510
0.001815
0.005030
0.001565
0.001638
0.002547
0.003264
0.001290
0.001221
0.001249
0.003493
0.011830
0.001026
0.001586
0.001885
0.001017
0.013709
0.001507
0.014029
0.005115
0.001264
0.001724
0.001532
0.005981
0.003844
0.001419
0.001561
0.001345
0.007940
0.001513
0.001231
0.006614
0.005504
0.001034
0.001322
0.001325
0.002802
0.083399
0.001914
0.006647
0.001238
0.001312
0.004525
0.001280
0.002638
0.001406
0.001309
0.002302
0.002784
0.001227
0.001680
0.008334
0.002613
0.004516
0.003711
0.001655
0.001135
0.001161
0.003023
0.001026
0.001939
0.008763
0.008312
0.001510
0.013697
0.001182
0.002474
0.002424
0.001172
0.001149
0.001872
0.001522
0.001590
0.001399
0.002342
0.001054
0.002418
0.006128
0.002643
0.001379
0.001064
0.001092
0.001226
0.003167
0.008228
0.020877
0.001153
0.001030
0.001119
0.005561
0.001057
0.002492
0.003621
0.019651
0.323784
0.003001
0.001135
0.002467
0.001428
0.001367
0.003821
0.004819
0.002673
0.001186
0.001137
0.001330
0.001265
0.003571
0.001139
0.007105
0.001049
0.001225
0.030064
0.001303
0.009763
0.006790
0.001250
0.001062
0.008939
0.001447
0.009123
0.024024
0.022705
0.002738
0.011584
0.021944
0.001526
0.001061
0.002283
0.002953
0.001488
0.001518
0.001946
0.001014
0.002024
0.002606
0.001356
0.003763
0.001604
0.001637
0.002611
0.001741
0.002399
0.002463
0.003074
0.002014
0.001905
0.010792
0.002304
0.001637
0.001317
0.001925
0.001564
0.001268
0.001203
0.001423
0.001221
0.002090
0.001555
0.004195
0.001302
0.003391
0.001175
0.003825
0.003586
0.003004
0.001649
0.001038
0.001780
0.004966
0.001746
0.001126
0.001358
0.001075
0.003540
0.123428
0.002376
0.001314
0.010220
0.001247
0.002800
0.001204
0.003273
0.001065
0.001626
0.009137
0.001564
0.002360
0.001776
0.003857
0.001603
0.003184
0.001923
0.002142
0.001851
0.001328
0.001331
0.009437
0.001398
0.003393
0.003455
0.003748
0.006025
0.001029
0.005387
0.002370
0.001024
0.001744
0.006494
0.014820
0.002762
0.002069
0.001139
0.001596
0.002396
0.002057
0.001410
0.001006
0.001171
0.004012
0.003964
0.002129
0.001891
0.001372
0.001138
0.149994
0.002117
0.001596
0.009092
0.006382
0.001149
0.002642
0.002510
0.001003
0.002876
0.001813
0.002389
0.003112
0.012508
0.001841
0.002682
0.002361
0.001038
0.004234
0.001013
0.002651
0.001467
0.001437
0.002698
0.001889
0.001114
0.001708
0.001066
0.002388
0.003389
0.001226
0.002368
0.001385
0.002313
0.001967
0.001186
0.003450
0.001200
0.004484
0.003492
0.006350
0.001363
0.001509
0.002214
0.001264
0.005719
0.001292
0.005246
0.007645
0.001039
0.005693
0.002073
0.001556
0.001200
0.001248
0.007348
0.001372
0.002678
0.017376
0.008927
0.001593
0.001169
0.001960
0.003006
0.003662
0.001046
0.006551
0.001894
0.001269
0.002834
0.001303
0.001101
0.024844
0.002390
0.002840
0.001223
0.001781
0.010956
0.001035
0.001509
0.023955
0.007430
0.009445
0.001491
0.001070
0.001138
0.001290
0.001513
0.004205
0.001227
0.001342
0.001219
0.001499
0.004309
0.007927
0.001123
0.005540
0.003826
0.002437
0.001077
0.001733
0.006725
0.001196
0.001655
0.001858
0.006037
0.002432
0.020655
0.004137
0.002675
0.001437
0.003665
0.002073
0.001290
0.001119
0.002431
0.001537
0.001502
0.062969
0.001186
0.002120
0.001325
0.001515
0.010144
0.001064
0.001323
0.001040
0.009328
0.001035
0.002718
0.091831
0.001847
0.002045
0.001188
0.009508
0.001037
0.001032
0.002027
0.001004
0.004872
0.001228
0.001444
0.002228
0.003575
0.002187
0.003006
0.001539
0.016484
0.001061
0.001517
0.001130
0.002443
0.002495
0.001854
0.002058
0.002993
0.003628
0.002251
0.002383
0.004212
0.001311
0.002348
0.001358
0.004371
0.003983
0.001228
0.005348
0.004657
0.003433
0.005475
0.002539
0.013866
0.001196
0.001264
0.002977
0.003609
0.011138
0.001076
0.003090
0.087543
0.001708
0.005204
0.002403
0.001078
0.001440
0.001181
0.003966
0.001088
0.003627
0.001582
0.007034
0.001015
0.001005
0.001183
0.004720
0.004077
0.001525
0.002673
0.002317
0.001117
0.001903
0.001291
0.001057
0.002870
0.001788
0.003633
0.001703
0.001597
0.005151
0.001165
0.001580
0.001349
0.078369
0.001014
0.001501
0.001425
0.001201
0.001148
0.001619
0.012856
0.002015
0.001374
0.017022
0.002037
0.001763
0.003878
0.001440
0.005154
0.001684
0.011763
0.015116
0.013676
0.001196
0.001009
0.002473
0.002607
0.003767
0.001073
0.001052
0.002317
0.001267
0.001721
0.007081
0.001255
0.001765
0.001291
0.002042
0.002576
0.001558
0.016915
0.002235
0.010315
0.001300
0.002039
0.001771
0.003129
0.001417
0.004260
0.002069
0.003592
0.003299
0.001880
0.002981
0.008927
0.001913
0.001440
0.002118
0.001345
0.001603
0.002388
0.006944
0.002493
0.001065
0.003741
0.005796
0.001991
0.001010
0.001591
0.001196
0.001584
0.001492
0.003739
0.001421
0.002335
0.001400
0.004083
0.001424
0.002458
0.002223
0.006512
0.001553
0.001413
0.001531
0.001082
0.001263
0.007093
0.001625
0.004107
0.001175
0.004717
0.001604
0.001042
0.001730
0.001787
0.004533
0.001399
0.001003
0.004785
0.003067
0.001200
0.001252
0.001063
0.014612
0.002023
0.002751
0.001311
0.001434
0.097010
0.007184
0.009088
0.006244
0.001331
0.001266
0.001285
0.001486
0.001736
0.001130
0.003756
0.001290
0.001363
0.002228
0.002593
0.001445
0.001037
0.001125
0.001152
0.001475
0.001129
0.021164
0.001055
0.001396
0.001204
0.001125
0.001307
0.003220
0.004188
0.001923
0.001049
0.004080
0.001589
0.020078
0.002626
0.002732
0.001214
0.007781
0.001021
0.002577
0.001020
0.004122
0.007504
0.001401
0.001535
0.002029
0.002551
0.001628
0.002685
0.004077
0.003696
0.004092
0.003559
0.004738
0.001096
0.012334
0.013100
0.001481
0.002675
0.003339
0.006126
0.003106
0.001957
0.001321
0.002787
0.001194
0.011599
0.006307
0.001071
0.016816
0.001933
0.001094
0.003464
0.001609
0.001601
0.001125
0.014722
0.001045
0.002010
0.002360
0.005132
0.001381
0.001590
0.002237
0.001122
0.001861
0.001968
0.001058
0.005469
0.001207
0.004224
0.003082
0.008055
0.001416
0.027198
0.002181
0.001859
0.008631
0.001706
0.002141
0.006063
0.018691
0.002677
0.002342
0.001517
0.001064
0.003278
0.001413
0.001116
0.001324
0.010867
0.014778
0.002130
0.001434
0.002011
0.002848
0.004810
0.001060
0.003454
0.002729
0.001297
0.002025
0.001542
0.001157
0.005875
0.001486
0.003225
0.001484
0.001315
0.001183
0.009899
0.001127
0.001135
0.002208
0.003298
0.001869
0.002582
0.001752
0.004610
0.003681
0.003245
0.003425
0.003084
0.001368
0.001068
0.001295
0.028707
0.007567
0.001400
0.003179
0.002114
0.002099
0.001315
0.012936
0.003043
0.001121
0.001372
0.001669
0.001782
0.002084
0.002299
0.001569
0.002794
0.003283
0.025983
0.001612
0.001264
0.002412
0.006342
0.001040
0.001550
0.002277
0.004021
0.001093
0.007249
0.005728
0.001460
0.006070
0.003475
0.002594
0.002214
0.001397
0.001236
0.005377
0.001296
0.009270
0.019004
0.002034
0.001469
0.001672
0.001097
0.013880
0.004810
0.003860
0.002775
0.004224
0.001201
0.008272
0.001631
0.001050
0.013729
0.004289
0.002580
0.003267
0.007541
0.002005
0.002210
0.001272
0.001586
0.001436
0.006983
0.035992
0.002506
0.001090
0.004849
0.007095
0.001004
0.004048
0.001658
0.001478
0.001250
0.001961
0.001373
0.001038
0.001378
0.023539
0.005154
0.001812
0.006465
0.001302
0.001994
0.004662
0.001048
0.001198
0.002045
0.013390
0.003130
0.001132
0.001192
0.001115
0.001738
0.001056
0.001094
0.001092
0.001157
0.009740
0.029908
0.001163
0.003024
0.001599
0.001885
0.010095
0.010735
0.004251
0.019393
0.001260
0.003744
0.004271
0.003028
0.002520
0.001048
0.001279
0.001736
0.001101
0.001633
0.891304
0.001041
0.001138
0.001132
0.001252
0.001292
0.002213
0.001343
0.001459
0.002776
0.001655
0.001313
0.002607
0.002191
0.019835
0.001053
0.001079
0.007115
0.038234
0.006726
0.005499
0.001234
0.002555
0.002562
0.009028
0.001352
0.002938
0.001157
0.003367
0.004223
0.002133
0.003366
0.005244
0.002968
0.006134
0.001056
0.013610
0.001714
0.001449
0.001355
0.001126
0.003661
0.002036
0.003865
0.001456
0.001897
0.004988
0.001639
0.001569
0.004561
0.001378
0.001280
0.001017
0.013030
0.007000
0.011211
0.001258
0.002188
0.001078
0.018804
0.001528
0.002560
0.002968
0.001242
0.001464
0.002119
0.001331
0.001359
0.001009
0.002323
0.002156
0.001138
0.001511
0.001116
0.008621
0.003021
0.002405
0.003359
0.001127
0.001009
0.002060
0.001642
0.001296
0.002141
0.001504
0.001136
0.001870
0.002225
0.003064
0.002185
0.002050
0.001080
0.001256
0.001290
0.001371
0.002128
0.004450
0.002122
0.005640
0.004670
0.001182
0.001646
0.014953
0.001997
0.002007
0.005821
0.001279
0.001165
0.002263
0.001501
0.001178
0.001149
0.003978
0.001623
0.003070
0.001151
0.002041
0.001235
0.003270
0.001303
0.004022
0.001339
0.001447
0.001005
0.001945
0.002452
0.002154
0.001431
0.001212
0.001644
0.001151
0.001497
0.005388
0.001092
0.007503
0.001542
0.014807
0.001133
0.002001
0.002032
0.001841
0.002976
0.002844
0.001332
0.001114
0.001574
0.001625
0.002636
0.002299
0.001150
0.008756
0.001553
0.001634
0.001287
0.001566
0.012267
0.006373
0.018496
0.001320
0.001059
0.001548
0.001606
0.001638
0.001261
0.001873
0.001402
0.002322
0.001715
0.001691
0.001145
0.060730
0.010921
0.005204
0.002762
0.001223
0.014994
0.001064
0.002368
0.002329
0.002708
0.003596
0.001927
0.001048
0.001189
0.003610
0.001693
0.001112
0.002448
0.001591
0.001530
0.002876
0.003982
0.003952
0.001108
0.001006
0.001345
0.001634
0.002360
0.003243
0.005831
0.003519
0.003135
0.004038
0.002234
0.001565
0.041731
0.002012
0.001736
0.002283
0.001150
0.001124
0.001484
0.002641
0.001186
0.001970
0.001624
0.002358
0.002507
0.001038
0.001010
0.001009
0.003259
0.004177
0.004123
0.005118
0.004309
0.001067
0.001302
0.001618
0.004213
0.001110
0.001173
0.001914
0.007636
0.003499
0.008058
0.006726
0.001356
0.001489
0.001794
0.001660
0.001799
0.004920
0.001083
0.002576
0.001485
0.001869
0.001312
0.060571
0.002017
0.001330
0.578766
0.001324
0.001060
0.004116
0.001101
0.006046
0.005883
0.001483
0.001337
0.002614
0.001752
0.001678
0.001176
0.001488
0.001201
0.001061
0.001271
0.001773
0.001635
0.003042
0.007752
0.007665
0.001999
0.033735
0.002029
0.007205
0.001803
0.004303
0.006652
0.001014
0.001067
0.006632
0.001350
0.001137
0.002701
0.001547
0.094379
0.001960
0.003321
0.001326
0.001192
0.001216
0.003000
0.001458
0.002058
0.007083
0.001598
0.003954
0.001483
0.004767
0.001831
0.001295
0.003127
0.001018
0.001264
0.001309
0.008557
0.003025
0.001054
0.003991
0.003176
0.001129
0.002649
0.001001
0.001309
0.001425
0.001549
0.001299
0.005472
0.001118
0.001938
0.001021
0.001400
0.001252
0.001504
0.005869
0.001104
0.003722
0.002515
0.001737
0.002227
0.001128
0.003011
0.001384
0.001151
0.011152
0.002095
0.001047
0.002495
0.002367
0.005049
0.001488
0.003370
0.001843
0.001490
0.095980
0.004580
0.003368
0.001289
0.002658
0.005698
0.003673
0.002826
0.001175
0.034904
0.001041
0.001019
0.001083
0.004478
0.002648
0.002022
0.001576
0.003983
0.001287
0.002938
0.010511
0.001187
0.001301
0.028109
0.004447
0.006132
0.004453
0.001173
0.002309
0.001377
0.001934
0.002277
0.001111
0.001305
0.005274
0.003782
0.001108
0.002305
0.001722
0.001329
0.002207
0.001856
0.001364
0.002703
0.001386
0.014335
0.001231
0.002947
0.003270
0.001713
0.001568
0.002622
0.002404
0.002543
0.002461
0.001656
0.001900
0.001682
0.002233
0.001110
0.003315
0.001104
0.003025
0.005356
0.001494
0.002042
0.002360
0.001761
0.001154
0.001060
0.003314
0.003253
0.002089
0.001020
0.001573
0.005856
0.023149
0.002285
0.002079
0.002964
0.001042
0.013552
0.001482
0.002689
0.002227
0.035310
0.001089
0.001092
0.001632
0.002787
0.001226
0.001158
0.003950
0.008482
0.076534
0.001143
0.001720
0.002317
0.002300
0.002273
0.002702
0.001445
0.001424
0.001254
0.001489
0.003124
0.001077
0.001427
0.001405
0.002475
0.001020
0.001492
0.002175
0.001528
0.001018
0.001172
0.001487
0.001111
0.001303
0.003805
0.004050
0.001732
0.009870
0.002132
0.001498
0.009060
0.003003
0.004486
0.001931
0.001387
0.001599
0.001198
0.002500
0.003237
0.001594
0.063652
0.001694
0.001810
0.001408
0.003552
0.001112
0.001449
0.001110
0.002860
0.003063
0.001133
0.005468
0.001060
0.001280
0.001099
0.005068
0.001022
0.002078
0.003554
0.002241
0.009065
0.002696
0.001366
0.003183
0.001197
0.002263
0.001128
0.001501
0.001266
0.005589
0.003681
0.001251
0.001365
0.001285
0.001995
0.001040
0.001483
0.006274
0.001160
0.001035
0.002181
0.001347
0.007048
0.002520
0.001937
0.039191
0.001784
0.002026
0.002008
0.001259
0.001134
0.001715
0.007302
0.001640
0.001182
0.001066
0.001012
0.001369
0.001663
0.001285
0.001149
0.001212
0.001750
0.001672
0.001671
0.078750
0.001795
0.004020
0.005960
0.002442
0.004781
0.001683
0.008478
0.003033
0.001073
0.001646
0.002881
0.002049
0.019635
0.001259
0.003795
0.001091
0.002748
0.002650
0.001918
0.005269
0.003240
0.001965
0.001137
0.001165
0.003740
0.001338
0.001469
0.001262
0.003043
0.003904
0.001251
0.001199
0.002111
0.001077
0.004449
0.001549
0.001928
0.003097
0.001087
0.002245
0.001140
0.003885
0.001141
0.001097
0.510263
0.008481
0.001209
0.002744
0.002122
0.002988
0.001914
0.001364
0.001261
0.002546
0.001704
0.069212
0.009534
0.004102
0.001249
0.002426
0.002132
0.001680
0.004394
0.001131
0.001924
0.002357
0.001907
0.001026
0.001425
0.002279
0.002394
0.001742
0.001526
0.003559
0.002083
0.001524
0.002651
0.003432
0.001040
0.001255
0.001702
0.002077
0.001914
0.002723
0.001218
0.016354
0.002658
0.001114
0.003434
0.006655
0.003343
0.001398
0.001403
0.002022
0.001679
0.004858
0.001159
0.013495
0.005687
0.001790
0.002023
0.001781
0.011199
0.009007
0.001258
0.001825
0.001352
0.006912
0.001264
0.001429
0.001103
0.002739
0.006728
0.002369
0.001456
0.001071
0.002140
0.203195
0.001205
0.001401
0.006540
0.009934
0.002401
0.001204
0.001750
0.001051
0.001009
0.002353
0.163838
0.006045
0.001082
0.002010
0.001443
0.001013
0.001715
0.002088
0.001870
0.003287
0.001684
0.003232
0.001053
0.002021
0.001580
0.011556
0.001162
0.003328
0.001005
0.003172
0.003301
0.001212
0.001028
0.002326
0.001113
0.002585
0.004129
0.002158
0.003002
0.004309
0.001199
0.002974
0.002679
0.001322
0.001276
0.104059
0.001345
0.002838
0.002065
0.003895
0.001623
0.048171
0.001882
0.001775
0.001968
0.007867
0.001593
0.002797
0.002473
0.001607
0.001584
0.001505
0.002286
0.001658
0.022412
0.003069
0.001074
0.003627
0.001348
0.003913
0.002099
0.001755
0.001799
0.001253
0.003242
0.003091
0.001245
0.001004
0.001577
0.003715
0.003967
0.004461
0.003530
0.001352
0.001340
0.001341
0.001197
0.002788
0.016250
0.004523
0.001082
0.001481
0.001188
0.002823
0.003924
0.001148
0.001567
0.005720
0.007977
0.002739
0.002473
0.001740
0.001137
0.001109
0.002787
0.005881
0.004711
0.007467
0.006053
0.001243
0.002630
0.002550
0.001019
0.001605
0.010535
0.001375
0.002832
0.001106
0.025743
0.002504
0.009358
0.001053
0.050548
0.001087
0.003360
0.003728
0.001266
0.001131
0.002401
0.001131
0.004254
0.001298
0.002216
0.010983
0.001494
0.001315
0.004069
0.001192
0.001160
0.002590
0.001563
0.004433
0.001369
0.001612
0.001242
0.001250
0.003025
0.007664
0.001425
0.002790
0.001986
0.001280
0.003313
0.001937
0.001430
0.001778
0.001352
0.002082
0.002278
0.008166
0.002821
0.001574
0.001160
0.001322
0.001423
0.001905
0.001963
0.001110
0.002844
0.002775
0.003626
0.001070
0.001815
0.001048
0.001814
0.002922
0.001328
0.001204
0.002233
0.002252
0.006035
0.001120
0.004960
0.002271
0.002492
0.001164
0.001062
0.009503
0.003058
0.002664
0.004688
0.001564
0.001051
0.022944
0.002615
0.001532
0.001801
0.001194
0.001823
0.001172
0.005668
0.001286
0.001272
0.001445
0.001368
0.003108
0.001024
0.002109
0.007951
0.002369
0.001161
0.003658
0.003283
0.033976
0.001489
0.001509
0.001140
0.001637
0.001349
0.005333
0.001077
0.001098
0.001269
0.001137
0.001065
0.007033
0.001900
0.002038
0.001058
0.064358
0.003018
0.009128
0.001271
0.012093
0.001292
0.001962
0.002589
0.001334
0.001083
0.002054
0.007107
0.001276
0.001396
0.002378
0.001246
0.002681
0.032443
0.001477
0.001080
0.001313
0.001212
0.001171
0.001494
0.001643
0.001368
0.001651
0.001391
0.004278
0.022129
0.001511
0.004099
0.002745
0.001344
0.001019
0.002336
0.001961
0.002041
0.001308
0.004222
0.002455
0.004380
0.002816
0.006079
0.001113
0.001374
0.001077
0.003850
0.001337
0.001658
0.005756
0.001996
0.002394
0.001013
0.007411
0.001036
0.001394
0.001408
0.001465
0.001105
0.001350
0.003061
0.007585
0.015749
0.047032
0.009171
0.002105
0.001910
0.001742
0.004636
0.001391
0.001084
0.002401
0.044102
0.014619
0.003282
0.001347
0.001024
0.001888
0.002080
0.001730
0.001495
0.001085
0.001069
0.001527
0.029238
0.001111
0.002801
0.001365
0.001728
0.003998
0.002159
0.001172
0.002779
0.001961
0.001155
0.002240
0.001082
0.002636
0.001043
0.007956
0.018850
0.001136
0.001937
0.014066
0.001077
0.001294
0.001262
0.001106
0.003525
0.003939
0.002100
0.001110
0.006162
0.002459
0.001813
0.005315
0.003371
0.001170
0.001136
0.001211
0.013080
0.003009
0.001480
0.002390
0.001263
0.001867
0.001232
0.001399
0.001163
0.001300
0.001235
0.001116
0.001547
0.003226
0.001058
0.001751
0.025097
0.001357
0.002132
0.003197
0.001063
0.001127
0.004996
0.011107
0.003548
0.001402
0.003812
0.001843
0.001778
0.008242
0.002812
0.001616
0.002324
0.001028
0.001025
0.005026
0.001974
0.001272
0.001147
0.002814
0.001822
0.001475
0.004195
0.006155
0.001071
0.005725
0.001430
0.001042
0.001146
0.007461
0.003740
0.001230
0.001013
0.002278
0.001139
0.003745
0.008577
0.008414
0.001308
0.001534
0.004445
0.012052
0.004056
0.001619
0.021240
0.004589
0.001287
0.001853
0.001044
0.001551
0.001188
0.001982
0.003293
0.021682
0.001577
0.004378
0.004751
0.003173
0.005512
0.018259
0.002354
0.002371
0.001176
0.002436
0.001238
0.001377
0.001569
0.001118
0.001226
0.002577
0.001848
0.001007
0.002214
0.001344
0.001638
0.002061
0.001090
0.002677
0.001039
0.001143
0.001042
0.001245
0.002706
0.003884
0.001199
0.001058
0.002194
0.001001
0.003947
0.001657
0.018741
0.001567
0.001038
0.001128
0.001013
0.001298
0.001642
0.001604
0.001511
0.002420
0.001051
0.005836
0.002466
0.002504
0.001140
0.001047
0.001204
0.001261
0.003087
0.001263
0.001503
0.003596
0.001696
0.001026
0.001990
0.002418
0.001087
0.001112
0.002425
0.006238
0.002011
0.002216
0.001310
0.002182
0.003054
0.001333
0.004889
0.001133
0.002793
0.001213
0.003526
0.003286
0.001046
0.001544
0.001513
0.001201
0.001665
0.002070
0.001608
0.001147
0.003916
0.003783
0.007796
0.001251
0.004243
0.001659
0.005281
0.007054
0.002015
0.001759
0.003532
0.001072
0.001044
0.001007
0.002599
0.003572
0.001346
0.001800
0.006965
0.017049
0.002720
0.002483
0.002868
0.003134
0.001012
0.001050
0.007933
0.001699
0.002319
0.001392
0.002210
0.001547
0.001073
0.001806
0.002298
0.006402
0.008509
0.001693
0.003581
0.001702
0.008296
0.001895
0.001937
0.014914
0.001922
0.001182
0.003014
0.004163
0.002556
0.002225
0.003501
0.001404
0.001250
0.001680
0.001026
0.001269
0.001836
0.010541
0.002758
0.001091
0.001269
0.001307
0.001789
0.001392
0.003322
0.001071
0.001192
0.002523
0.001922
0.011202
0.001081
0.001630
0.001682
0.002294
0.001511
0.014754
0.003752
0.001066
0.003408
0.001618
0.002620
0.001841
0.003207
0.006446
0.010368
0.003527
0.001103
0.001619
0.002783
0.003876
0.001888
0.008604
0.001028
0.029471
0.001241
0.003704
0.001047
0.001561
0.001597
0.002117
0.001416
0.001826
0.031460
0.003570
0.001083
0.001465
0.003006
0.005617
0.001619
0.001702
0.001317
0.001063
0.011510
0.043029
0.012233
0.005827
0.003340
0.001037
0.001328
0.001617
0.004611
0.003822
0.001415
0.005415
0.003495
0.001983
0.002341
0.004256
0.009572
0.001010
0.001498
0.001276
0.001860
0.001453
0.057182
0.002194
0.002818
0.002908
0.001665
0.001091
0.001140
0.002906
0.001168
0.001065
0.002780
0.001094
0.010278
0.001617
0.001138
0.001213
0.004779
0.014393
0.019945
0.001146
0.004156
0.003090
0.002726
0.001590
0.001906
0.002226
0.001616
0.006267
0.004762
0.008493
0.001232
0.004508
0.001825
0.007131
0.001880
0.009228
0.030288
0.002499
0.002324
0.001140
0.003004
0.001349
0.001265
0.002440
0.002906
0.001501
0.004678
0.001921
0.001397
0.003963
0.002606
0.001100
0.001849
0.001420
0.001875
0.001000
0.008529
0.008860
0.006270
0.003247
0.004630
0.001071
0.002010
0.001382
0.017590
0.001035
0.001243
0.011891
0.002755
0.004692
0.001067
0.001531
0.001099
0.001376
0.843359
0.004112
0.002644
0.004675
0.001386
0.020892
0.002286
0.016096
0.001063
0.001089
0.001337
0.002127
0.001089
0.001197
0.001793
0.017337
0.008546
0.001363
0.001028
0.001700
0.002240
0.051814
0.001809
0.004340
0.010148
0.001161
0.002404
0.069498
0.001970
0.003152
0.001361
0.001970
0.001900
0.013813
0.001465
0.004487
0.008882
0.012928
0.003682
0.027909
0.001028
0.001033
0.002021
0.001122
0.001246
0.001012
0.001075
0.001124
0.001387
0.001107
0.002123
0.007448
0.001093
0.001040
0.002915
0.001015
0.001217
0.001403
0.001006
0.003179
0.001027
0.001373
0.001292
0.002007
0.001282
0.002243
0.001467
0.001158
0.001984
0.001107
0.001128
0.002106
0.001149
0.002687
0.002806
0.001493
0.002786
0.003591
0.001805
0.032132
0.006015
0.001039
0.006331
0.016651
0.001083
0.002113
0.024694
0.001344
0.006482
0.031666
0.238097
0.008173
0.001336
0.001289
0.001685
0.001920
0.005080
0.003972
0.002675
0.001506
0.007248
0.004051
0.010134
0.001027
0.001719
0.002304
0.001557
0.001129
0.001492
0.006108
0.001105
0.001250
0.008462
0.026164
0.001188
0.056941
0.002001
0.001152
0.001326
0.001606
0.001126
0.001322
0.001397
0.001579
0.001908
0.003455
0.008644
0.001463
0.001969
0.002147
0.003027
0.001623
0.001488
0.002448
0.001699
0.004381
0.001265
0.004943
0.010986
0.002219
0.002912
0.001031
0.004354
0.002282
0.001005
0.028275
0.002226
0.002023
0.001122
0.005673
0.014125
0.001286
0.001120
0.001305
0.002508
0.002443
0.299340
0.002040
0.022435
0.001964
0.001115
0.002756
0.012322
0.001772
0.001381
0.001543
0.001332
0.001974
0.001235
0.001224
0.001113
0.008016
0.001271
0.009207
0.001863
0.001280
0.007329
0.001080
0.003912
0.001007
0.011709
0.003214
0.001298
0.001048
0.030778
0.007183
0.002788
0.029186
0.001666
0.002558
0.001878
0.002035
0.001414
0.001687
0.001009
0.002386
0.004676
0.001348
0.001151
0.001023
0.001811
0.001306
0.010305
0.003097
0.001182
0.001639
0.015009
0.001054
0.001880
0.003251
0.001063
0.001679
0.001723
0.001409
0.001828
0.001661
0.001225
0.001174
0.001600
0.002468
0.004440
0.008407
0.001188
0.001127
0.001463
0.001201
0.003390
0.001171
0.001759
0.006982
0.001202
0.013340
0.001143
0.001109
0.002626
0.001392
0.001973
0.002321
0.001504
0.001026
0.001441
0.001656
0.001757
0.003982
0.003402
0.014512
0.001238
0.012926
0.001111
0.002372
0.002156
0.009463
0.001940
0.003441
0.001037
0.005953
0.010608
0.003932
0.001018
0.001564
0.002672
0.001228
0.001442
0.004276
0.001401
0.046993
0.001104
0.005181
0.002249
0.001765
0.006133
0.010050
0.007478
0.001433
0.003013
0.002476
0.001339
0.009139
0.002162
0.001554
0.001971
0.001150
0.001383
0.001042
0.007194
0.001458
0.008385
0.004568
0.001121
0.010242
0.001226
0.003943
0.001130
0.001996
0.002187
0.001682
0.001943
0.002820
0.001335
0.001110
0.001154
0.001143
0.001028
0.001034
0.001761
0.003323
0.002722
0.003377
0.002570
0.001283
0.001126
0.001188
0.001550
0.001647
0.001248
0.001330
0.003686
0.001124
0.001080
0.006871
0.001042
0.001352
0.002662
0.001184
0.004635
0.001279
0.002327
0.001447
0.009641
0.006732
0.001701
0.001061
0.001013
0.001790
0.001100
0.001805
0.001234
0.003766
0.001248
0.005699
0.001007
0.001456
0.001024
0.001568
0.003673
0.001287
0.002663
0.001961
0.001506
0.003415
0.001600
0.001607
0.001022
0.001062
0.002182
0.005260
0.001384
0.001200
0.001189
0.001251
0.001057
0.002387
0.001351
0.001072
0.001089
0.001548
0.002074
0.001376
0.001159
0.003771
0.001158
0.001168
0.001108
0.001191
0.002057
0.006291
0.001632
0.001236
0.001571
0.003952
0.014892
0.004231
0.001206
0.026478
0.005937
0.003697
0.004575
0.001172
0.013791
0.047060
0.001541
0.001004
0.002311
0.002669
0.001076
0.002912
0.001040
0.002466
0.053475
0.001214
0.001586
0.001143
0.001478
0.001894
0.001404
0.007888
0.001528
0.003270
0.001106
0.003722
0.001907
0.001052
0.002111
0.002942
0.001026
0.001640
0.001745
0.005289
0.002201
0.001598
0.004902
0.018170
0.001608
0.001663
0.002409
0.001827
0.001124
0.002682
0.001117
0.001110
0.005750
0.001921
0.001292
0.001230
0.001016
0.002096
0.001102
0.001568
0.001358
0.001233
0.001166
0.004207
0.001316
0.003136
0.001843
0.001362
0.001142
0.014571
0.001133
0.003141
0.001481
0.016621
0.002781
0.003626
0.001552
0.001375
0.001287
0.001891
0.017757
0.001495
0.002366
0.004575
0.006374
0.005878
0.001015
0.007266
0.001628
0.001120
0.001345
0.002995
0.001427
0.001676
0.001862
0.002219
0.001158
0.045060
0.006488
0.001357
0.011648
0.001001
0.001002
0.001355
0.017051
0.002795
0.001040
0.001459
0.026495
0.001356
0.005406
0.011376
0.002544
0.001741
0.003449
0.001920
0.001409
0.003662
0.001591
0.003281
0.006745
0.002800
0.001669
0.001227
0.001113
0.010665
0.004052
0.001316
0.009049
0.002653
0.002051
0.005435
0.002662
0.002058
0.001134
0.002385
0.001262
0.001186
0.016951
0.001224
0.001740
0.004316
0.001136
0.001099
0.001310
0.006593
0.002358
0.002159
0.002500
0.001010
0.001385
0.001924
0.002890
0.003307
0.003126
0.004327
0.002654
0.001879
0.001060
0.002154
0.001171
0.002342
0.001629
0.004716
0.001167
0.002044
0.001679
0.001549
0.003139
0.001569
0.002206
0.001188
0.001212
0.003098
0.001333
0.001715
0.002232
0.006975
0.001018
0.001257
0.007629
0.001421
0.003347
0.002212
0.001050
0.001723
0.001552
0.003089
0.015442
0.001708
0.001350
0.001112
0.001051
0.002957
0.011033
0.001239
0.001286
0.001509
0.002259
0.017613
0.003584
0.001189
0.001135
0.014055
0.007164
0.001595
0.001576
0.001789
0.001355
0.001623
0.002940
0.001194
0.003325
0.001668
0.003658
0.004060
0.006906
0.001151
0.001868
0.005058
0.002242
0.003937
0.013351
0.002545
0.001798
0.006454
0.005679
0.003152
0.001277
0.001707
0.002778
0.066674
0.002399
0.004428
0.012174
0.001892
0.001235
0.001439
0.030257
0.001849
0.003438
0.002752
0.002731
0.001802
0.001103
0.001665
0.001320
0.040959
0.002166
0.003664
0.004649
0.001174
0.002023
0.003636
0.004400
0.001014
0.002470
0.002642
0.003317
0.006211
0.001102
0.001611
0.005842
0.003178
0.001245
0.004187
0.001260
0.001644
0.001127
0.001227
0.009177
0.006241
0.006519
0.002210
0.001467
0.028957
0.001011
0.002337
0.018241
0.002221
0.001517
0.003882
0.003479
0.008677
0.002001
0.002070
0.010239
0.001177
0.001236
0.002636
0.001029
0.001400
0.001062
0.007281
0.001028
0.001345
0.002825
0.001305
0.002985
0.004411
0.001736
0.002370
0.002752
0.001436
0.001218
0.001015
0.001390
0.001235
0.002427
0.001320
0.004156
0.070372
0.001037
0.002018
0.007992
0.002167
0.001089
0.004789
0.003371
0.001378
0.001805
0.003777
0.002334
0.002034
0.002638
0.002505
0.004759
0.001454
0.007406
0.001950
0.001150
0.001469
0.001139
0.004618
0.002762
0.001437
0.005011
0.030721
0.002010
0.001732
0.001285
0.001435
0.001707
0.001348
0.006219
0.001466
0.005704
0.016922
0.001179
0.002252
0.001304
0.002552
0.001499
0.005958
0.001205
0.001014
0.001864
0.001006
0.001486
0.001558
0.001975
0.001863
0.003296
0.002671
0.001402
0.001601
0.064113
0.001148
0.001548
0.001972
0.002272
0.002424
0.005758
0.001038
0.008281
0.003189
0.001552
0.003598
0.002792
0.002063
0.001472
0.011200
0.001215
0.003039
0.004131
0.001541
0.003194
0.001359
0.001556
0.001073
0.002758
0.009100
0.002157
0.001600
0.002168
0.006922
0.004477
0.002123
0.001021
0.001211
0.001090
0.002393
0.004572
0.013788
0.002644
0.003129
0.002706
0.001039
0.001784
0.001464
0.002248
0.004689
0.001336
0.004005
0.001961
0.001062
0.001174
0.001291
0.001479
0.002053
0.001420
0.001021
0.001748
0.007475
0.001657
0.001031
0.003835
0.001275
0.002279
0.004214
0.001652
0.002865
0.001620
0.001279
0.002472
0.001067
0.015762
0.001377
0.001112
0.001649
0.002526
0.002986
0.001285
0.009140
0.001822
0.003720
0.029530
0.002562
0.001009
0.001432
0.001214
0.001439
0.001478
0.002604
0.001255
0.003889
0.002847
0.091319
0.001010
0.001348
0.004097
0.001680
0.021487
0.001226
0.002754
0.002284
0.001331
0.002434
0.007647
0.001544
0.001046
0.001998
0.001079
0.001363
0.001710
0.002123
0.001051
0.001647
0.001236
0.001061
0.003508
0.001591
0.001575
0.001098
0.001049
0.002378
0.006557
0.003347
0.002342
0.007099
0.001014
0.001582
0.001419
0.037484
0.002284
0.075787
0.002194
0.006244
0.002388
0.001789
0.001294
0.002695
0.001006
0.001433
0.016063
0.001727
0.007446
0.001006
0.006578
0.001099
0.001069
0.002428
0.001874
0.001762
0.003194
0.002069
0.001077
0.002276
0.001359
0.002872
0.001812
0.001387
0.001083
0.004313
0.001355
0.002821
0.004161
0.006081
0.002057
0.001611
0.001450
0.004215
0.001071
0.001463
0.001126
0.001024
0.004199
0.001012
0.001031
0.002727
0.001114
0.001104
0.001369
0.002357
0.002142
0.001013
0.001174
0.002571
0.002348
0.001717
0.001446
0.001089
0.003529
0.001633
0.007396
0.001033
0.001098
0.002829
0.007928
0.002566
0.001090
0.001274
0.001695
0.001176
0.002179
0.002120
0.001210
0.001521
0.002178
0.001257
0.001036
0.002873
0.001431
0.001440
0.001379
0.007635
0.001467
0.001750
0.002025
0.016108
0.008731
0.006526
0.001041
0.002656
0.001366
0.011583
0.002928
0.001563
0.002378
0.002255
0.001032
0.003030
0.004874
0.001794
0.006284
0.001593
0.001035
0.001055
0.003812
0.002367
0.001347
0.004503
0.001382
0.002327
0.001147
0.002288
0.001873
0.001824
0.001056
0.001037
0.001686
0.021335
0.009103
0.001813
0.002436
0.001229
0.001624
0.001417
0.002253
0.001026
0.008871
0.002437
0.003318
0.003342
0.001100
0.002304
0.001142
0.001143
0.002652
0.008634
0.003513
0.012405
0.003142
0.001047
0.002037
0.005819
0.002575
0.001040
0.001459
0.003028
0.001080
0.003919
0.002743
0.090486
0.001312
0.001375
0.001220
0.002751
0.002373
0.004077
0.002984
0.001962
0.001620
0.001675
0.001313
0.001917
0.001032
0.001579
0.002582
0.002918
0.001386
0.001584
0.002469
0.001017
0.001711
0.001189
0.006596
0.001093
0.001247
0.001246
0.004278
0.001377
0.085639
0.001777
0.001365
0.001301
0.003717
0.001832
0.010257
0.001540
0.001337
0.002427
0.008229
0.002861
0.001054
0.001173
0.001221
0.001090
0.002090
0.005442
0.004002
0.005879
0.001287
0.001623
0.006673
0.002890
0.002231
0.003540
0.003998
0.004354
0.021712
0.002203
0.001099
0.018310
0.001048
0.001564
0.001240
0.004612
0.006615
0.001140
0.001215
0.001158
0.003620
0.001095
0.005123
0.004599
0.001307
0.001030
0.008395
0.004546
0.006705
0.002872
0.002732
0.001123
0.001101
0.002048
0.004495
0.002870
0.001378
0.002256
0.001840
0.001321
0.001188
0.002237
0.001258
0.001257
0.029929
0.001678
0.001035
0.005664
0.002147
0.001267
0.001001
0.001431
0.001427
0.005148
0.001147
0.002197
0.006257
0.001042
0.001569
0.003453
0.003296
0.001058
0.006129
0.005032
0.002330
0.002762
0.001941
0.008316
0.001323
0.001006
0.001181
0.001686
0.002272
0.001568
0.002663
0.002160
0.004865
0.002953
0.001649
0.001575
0.010580
0.001652
0.003176
0.001298
0.001315
0.005948
0.004978
0.001132
0.008369
0.001254
0.006455
0.002498
0.001348
0.003354
0.001769
0.007194
0.001614
0.042716
0.004116
0.002771
0.072363
0.017101
0.001114
0.002230
0.001473
0.003823
0.001169
0.001187
0.001774
0.002206
0.002132
0.001576
0.001005
0.001357
0.002553
0.001324
0.001153
0.001790
0.001574
0.001047
0.002925
0.001323
0.002846
0.026760
0.001001
0.001159
0.005954
0.001617
0.001140
0.002591
0.001084
0.001130
0.002330
0.001221
0.003102
0.015888
0.022901
0.006387
0.001128
0.001684
0.001727
0.002898
0.005011
0.001744
0.028510
0.001793
0.003215
0.001124
0.014404
0.001119
0.001184
0.002533
0.001548
0.005713
0.002375
0.001551
0.001003
0.001793
0.004196
0.001145
0.001127
0.006802
0.001322
0.003276
0.001074
0.029994
0.002831
0.001042
0.005501
0.004444
0.001815
0.001381
0.001866
0.001404
0.003609
0.001786
0.004056
0.001812
0.002260
0.003322
0.002284
0.003682
0.001530
0.032863
0.002382
0.053799
0.001505
0.002402
0.001756
0.001167
0.003616
0.002225
0.001033
0.001020
0.001410
0.001113
0.252358
0.160776
0.001166
0.005443
0.004378
0.002511
0.001152
0.001383
0.014791
0.008153
0.003829
0.003339
0.001547
0.001510
0.001775
0.032096
0.001131
0.005344
0.017477
0.003422
0.005001
0.001419
0.001502
0.001369
0.001798
0.001121
0.006733
0.001915
0.001146
0.001214
0.002421
0.001144
0.001210
0.003923
0.039763
0.081031
0.001628
0.001132
0.001369
0.001508
0.001027
0.001062
0.001099
0.001614
0.001664
0.002139
0.001563
0.002089
0.001613
0.001470
0.001378
0.001282
0.002703
0.002654
0.001992
0.001148
0.003900
0.001614
0.002610
0.009468
0.002308
0.001339
0.001052
0.004144
0.001050
0.001035
0.004015
0.001773
0.001177
0.001075
0.005041
0.001215
0.001148
0.011225
0.002312
0.002152
0.001869
0.067417
0.001130
0.008619
0.001452
0.001648
0.001155
0.001002
0.001080
0.002800
0.001151
0.005888
0.001087
0.004225
0.003864
0.002892
0.001068
0.004947
0.001813
0.001126
0.006160
0.001321
0.002250
0.001028
0.001459
0.001646
0.001256
0.001814
0.001484
0.004860
0.001048
0.005603
0.004639
0.001193
0.003615
0.001162
0.002295
0.008343
0.001164
0.002822
0.002207
0.001377
0.002021
0.002731
0.001092
0.001407
0.001497
0.001175
0.001149
0.005250
0.001357
0.001006
0.001104
0.006630
0.001034
0.001703
0.001379
0.001312
0.010392
0.002597
0.001082
0.028156
0.001879
0.007968
0.001161
0.001311
0.001048
0.003528
0.001173
0.001231
0.001670
0.003431
0.001882
0.024260
0.001620
0.002267
0.001354
0.003804
0.003607
0.001654
0.002349
0.001039
0.001672
0.003103
0.009592
0.001775
0.001167
0.001246
0.003244
0.001079
0.006166
0.004503
0.001053
0.001512
0.003057
0.001234
0.002427
0.003630
0.017336
0.004027
0.019600
0.001563
0.001974
0.001762
0.001498
0.012608
0.001056
0.002548
0.003071
0.004614
0.001067
0.001417
0.005811
0.001879
0.001029
0.003850
0.022939
0.001207
0.055290
0.002940
0.001327
0.005721
0.001892
0.001425
0.001252
0.001242
0.001984
0.005357
0.024155
0.001832
0.002449
0.011596
0.006608
0.001164
0.001583
0.001274
0.001093
0.001735
0.006707
0.004356
0.001330
0.013997
0.001124
0.001129
0.001710
0.001162
0.007990
0.001627
0.001458
0.007242
0.001111
0.002337
0.003408
0.002374
0.011164
0.018500
0.004895
0.001749
0.004365
0.004245
0.014131
0.001665
0.003278
0.004775
0.002216
0.001131
0.001053
0.002788
0.002205
0.011551
0.001807
0.005617
0.006762
0.002297
0.029119
0.001428
0.003549
0.006589
0.003388
0.001091
0.003681
0.005556
0.002975
0.001886
0.001759
0.002461
0.001759
0.001363
0.001088
0.001324
0.001085
0.001033
0.002941
0.004626
0.005810
0.001346
0.013087
0.009029
0.016714
0.001958
0.005409
0.001677
0.001529
0.003204
0.001032
0.001478
0.001045
0.004055
0.001259
0.004056
0.006734
0.046849
0.002497
0.002183
0.001839
0.001098
0.001233
0.015520
0.001559
0.001372
0.001249
0.001787
0.001437
0.009083
0.001360
0.001204
0.001212
0.001266
0.001097
0.001155
0.003536
0.012996
0.002201
0.001128
0.002689
0.002376
0.001792
0.003082
0.001591
0.002964
0.001865
0.001344
0.002845
0.001136
0.005759
0.001188
0.001266
0.001058
0.001128
0.002383
0.001489
0.001460
0.001087
0.002844
0.001304
0.001532
0.006312
0.001704
0.002314
0.020976
0.002249
0.001488
0.008564
0.001185
0.001807
0.002151
0.004037
0.015718
0.001348
0.001205
0.002594
0.003900
0.001760
0.001446
0.008706
0.001416
0.001898
0.001143
0.001540
0.002466
0.003554
0.003316
0.024401
0.005281
0.001631
0.001259
0.001246
0.001356
0.002720
0.004690
0.001299
0.001311
0.001187
0.001167
0.001663
0.002597
0.003244
0.001244
0.002312
0.001006
0.001588
0.001303
0.004007
0.006037
0.002228
0.002906
0.001198
0.001092
0.004943
0.002100
0.003196
0.002201
0.001367
0.002918
0.001642
0.003053
0.009483
0.002500
0.080718
0.002218
0.001730
0.001288
0.005337
0.002437
0.001589
0.001332
0.001340
0.001130
0.001824
0.006732
0.001138
0.007003
0.001135
0.009412
0.003458
0.003138
0.002334
0.010467
0.004475
0.001679
0.001821
0.001985
0.001014
0.003862
0.001257
0.001682
0.001817
0.001145
0.001069
0.001793
0.003204
0.001963
0.003147
0.002128
0.001158
0.001119
0.005135
0.001651
0.001287
0.001418
0.001386
0.001532
0.001228
0.001672
0.001366
0.014334
0.001157
0.007869
0.006458
0.016954
0.001442
0.001490
0.001830
0.001472
0.001134
0.003060
0.003996
0.002357
0.005489
0.005719
0.001084
0.002149
0.001539
0.004354
0.001139
0.001973
0.009744
0.023090
0.015308
0.001173
0.001362
0.001303
0.002009
0.001844
0.002851
0.004903
0.001686
0.005064
0.003214
0.001399
0.004099
0.001053
0.002694
0.001338
0.001595
0.004187
0.038776
0.001204
0.001601
0.004979
0.001036
0.001842
0.001587
0.001629
0.001368
0.001995
0.013285
0.001239
0.001881
0.007605
0.001525
0.004113
0.001154
0.008674
0.001347
0.005002
0.003329
0.003142
0.002684
0.001743
0.001024
0.001725
0.001921
0.002894
0.003237
0.009331
0.001821
0.003062
0.001100
0.007259
0.002015
0.001144
0.001537
0.012147
0.002079
0.002726
0.001777
0.001862
0.006792
0.023961
0.001564
0.001299
0.003647
0.002002
0.001169
0.001037
0.001510
0.007534
0.003591
0.001025
0.001478
0.003969
0.001807
0.006044
0.001782
0.001231
0.003906
0.016183
0.009117
0.006661
0.005313
0.001722
0.001013
0.001250
0.001559
0.002138
0.007211
0.005783
0.001060
0.003732
0.004878
0.001724
0.001015
0.002222
0.044733
0.001190
0.002430
0.001478
0.001064
0.001542
0.001537
0.001628
0.001172
0.005788
0.001344
0.002471
0.001058
0.001052
0.002219
0.025587
0.011268
0.001654
0.001647
0.013736
0.002552
0.004494
0.001916
0.001986
0.002695
0.002169
0.001375
0.001843
0.001023
0.001404
0.001073
0.001009
0.001829
0.002969
0.001499
0.002071
0.001076
0.003356
0.021705
0.001279
0.002257
0.001290
0.006279
0.002605
0.001381
0.001728
0.002430
0.001267
0.006728
0.001044
0.001190
0.001952
0.005775
0.002858
0.001049
0.001946
0.001313
0.001473
0.001008
0.001353
0.002653
0.001083
0.001370
0.001152
0.003988
0.002610
0.002941
0.005934
0.001564
0.002676
0.001097
0.034952
0.008535
0.020617
0.002479
0.001231
0.001632
0.001308
0.001678
0.001373
0.001386
0.002343
0.004640
0.001168
0.001371
0.006232
0.002786
0.002075
0.001244
0.002859
0.005151
0.006466
0.003786
0.001133
0.001015
0.002070
0.003968
0.003088
0.001616
0.001184
0.001528
0.001902
0.001159
0.001345
0.001786
0.003985
0.001822
0.007338
0.001035
0.009612
0.001202
0.001457
0.001969
0.325413
0.001865
0.004727
0.006181
0.001188
0.001525
0.001078
0.005887
0.001235
0.015493
0.002451
0.001450
0.022136
0.001196
0.001119
0.002802
0.002243
0.001358
0.001049
0.001097
0.001683
0.001438
0.002145
0.001250
0.004580
0.001742
0.001307
0.003288
0.002532
0.002272
0.001308
0.002524
0.001091
0.001074
0.001894
0.001321
0.001713
0.002219
0.001126
0.002625
0.002007
0.003514
0.064296
0.001887
0.010864
0.001108
0.001199
0.001937
0.001574
0.001271
0.002372
0.004973
0.002116
0.001200
0.001045
0.001532
0.002524
0.001387
0.001106
0.001347
0.007890
0.001503
0.009762
0.056047
0.001685
0.001650
0.001303
0.007059
0.001007
0.001532
0.002018
0.002038
0.001128
0.001980
0.001044
0.001050
0.002501
0.001264
0.002148
0.001027
0.001749
0.001201
0.005869
0.001020
0.001510
0.008440
0.001582
0.001003
0.001235
0.001882
0.001354
0.001106
0.006068
0.001228
0.001093
0.001382
0.002443
0.001470
0.001202
0.002491
0.003179
0.003197
0.001194
0.005404
0.001299
0.001258
0.007796
0.007174
0.001723
0.001765
0.009311
0.008914
0.002578
0.003832
0.011418
0.001011
0.002791
0.001435
0.001015
0.007074
0.004985
0.001381
0.057083
0.002918
0.001882
0.001081
0.076468
0.001132
0.001660
0.001192
0.003672
0.001156
0.007898
0.012523
0.075399
0.001157
0.001174
0.007284
0.001032
0.002366
0.001485
0.014698
0.001958
0.001000
0.003185
0.001735
0.001011
0.001585
0.003999
0.001026
0.001351
0.002365
0.001434
0.001332
0.001391
0.004963
0.001484
0.001377
0.017023
0.003959
0.001787
0.003152
0.010876
0.001521
0.002636
0.009876
0.001940
0.004691
0.004470
0.002072
0.001667
0.001173
0.001877
0.015976
0.001173
0.001254
0.001609
0.001189
0.002399
0.001211
0.001227
0.008102
0.004364
0.001981
0.001186
0.001109
0.001495
0.001961
0.001600
0.001408
0.001390
0.006664
0.001029
0.001271
0.001293
0.002875
0.001161
0.003707
0.001895
0.018311
0.001411
0.011992
0.001124
0.004640
0.007318
0.001350
0.001034
0.001376
0.001735
0.002628
0.001832
0.002638
0.002087
0.001363
0.001205
0.003243
0.001582
0.002036
0.001298
0.004319
0.005837
0.002081
0.002789
0.007305
0.004048
0.010201
0.002179
0.012339
0.002868
0.001080
0.007871
0.001002
0.001015
0.001016
0.004686
0.008438
0.001380
0.005732
0.001226
0.003567
0.001908
0.002874
0.001615
0.001062
0.029496
0.002274
0.004128
0.001528
0.001145
0.001038
0.001189
0.110885
0.002266
0.005589
0.007014
0.001542
0.003837
0.001747
0.001413
0.001748
0.002023
0.001244
0.001753
0.002090
0.001270
0.001345
0.001752
0.001985
0.001138
0.002674
0.001354
0.002538
0.001476
0.002926
0.003033
0.001429
0.001362
0.001862
0.002963
0.001657
0.002007
0.006402
0.001644
0.001134
0.003183
0.001391
0.001906
0.001854
0.003701
0.004872
0.015708
0.001388
0.001037
0.001623
0.005907
0.001331
0.002912
0.001418
0.004316
0.004848
0.035128
0.001083
0.001767
0.001437
0.003908
0.001186
0.002622
0.001064
0.002710
0.001482
0.001851
0.001227
0.001257
0.009228
0.001441
0.013382
0.001251
0.005265
0.001682
0.036829
0.002699
0.001562
0.001355
0.003019
0.004335
0.001151
0.027199
0.001853
0.001757
0.003863
0.001414
0.001701
0.005880
0.004001
0.003829
0.002498
0.016169
0.001656
0.002991
0.002408
0.003917
0.001215
0.004789
0.927264
0.001108
0.001163
0.013372
0.001429
0.080633
0.001541
0.001394
0.002645
0.003749
0.002252
0.001502
0.002143
0.003329
0.001449
0.001059
0.001220
0.001111
0.001540
0.002525
0.022177
0.001173
0.001618
0.002312
0.001117
0.005199
0.001388
0.003335
0.002380
0.001864
0.002093
0.002379
0.002312
0.003072
0.002098
0.010799
0.003001
0.012149
0.001274
0.001498
0.003012
0.004859
0.003180
0.001332
0.002102
0.001053
0.001442
0.003587
0.001178
0.003076
0.001577
0.001138
0.006400
0.004423
0.003337
0.044652
0.002548
0.001036
0.003174
0.001311
0.002001
0.001341
0.006496
0.001143
0.045468
0.001668
0.001062
0.002875
0.001515
0.001379
0.001044
0.001068
0.001126
0.003750
0.001460
0.002825
0.004796
0.002756
0.001683
0.050110
0.001549
0.005013
0.001122
0.001303
0.002505
0.005735
0.001280
0.001346
0.007527
0.017575
0.002013
0.001655
0.001274
0.001614
0.002118
0.001252
0.005284
0.002446
0.008601
0.001235
0.010390
0.016021
0.001342
0.001045
0.003176
0.002394
0.003265
0.002033
0.001365
0.001178
0.001982
0.002754
0.117878
0.002584
0.010486
0.002476
0.001885
0.001176
0.008933
0.001577
0.001124
0.001714
0.004744
0.001489
0.005851
0.001549
0.002171
0.002961
0.001008
0.001814
0.008415
0.011608
0.001677
0.001199
0.034239
0.001164
0.004289
0.003061
0.002949
0.001088
0.006498
0.001261
0.003668
0.006285
0.006523
0.002864
0.001875
0.001534
0.005569
0.001615
0.003796
0.023929
0.005862
0.002247
0.001429
0.003124
0.025576
0.008003
0.001620
0.035803
0.001543
0.001413
0.009260
0.004600
0.001869
0.007663
0.022368
0.001377
0.002310
0.002691
0.001556
0.001796
0.007333
0.001155
0.001465
0.003683
0.005062
0.005356
0.001144
0.002828
0.001303
0.008675
0.002606
0.001112
0.001868
0.029724
0.004861
0.001779
0.006624
0.001278
0.001723
0.001307
0.002080
0.001510
0.001067
0.001049
0.001312
0.001035
0.001474
0.005989
0.002989
0.003320
0.001450
0.002244
0.006827
0.002806
0.001482
0.003097
0.001954
0.001840
0.001575
0.003861
0.001582
0.001043
0.007075
0.007662
0.001020
0.003068
0.001508
0.007889
0.014069
0.004610
0.001162
0.001875
0.001196
0.001256
0.002068
0.001687
0.001312
0.007958
0.001380
0.018057
0.002476
0.002493
0.002058
0.001916
0.001407
0.008040
0.001258
0.005123
0.001563
0.002390
0.002345
0.004038
0.002679
0.001853
0.002807
0.002847
0.001228
0.001040
0.002205
0.001157
0.005839
0.003328
0.002576
0.001034
0.016814
0.001222
0.001790
0.001245
0.001096
0.003822
0.001189
0.003258
0.001604
0.003192
0.001281
0.003166
0.002413
0.001756
0.002080
0.001009
0.001077
0.001175
0.004203
0.003406
0.002631
0.001790
0.001652
0.005854
0.001933
0.001005
0.001005
0.001528
0.003395
0.002611
0.001611
0.002943
0.005601
0.006939
0.008844
0.014147
0.002617
0.001082
0.002767
0.001057
0.004393
0.009119
0.003920
0.001653
0.001531
0.001442
0.001678
0.001730
0.001856
0.001266
0.001216
0.001158
0.003001
0.002397
0.001006
0.001250
0.002431
0.001010
0.002250
0.001508
0.002691
0.349929
0.001057
0.001926
0.006882
0.022872
0.001751
0.002000
0.001049
0.001140
0.002262
0.005781
0.001044
0.001523
0.001348
0.001643
0.003004
0.003121
0.006543
0.001219
0.013413
0.001065
0.001468
0.002560
0.002857
0.001481
0.006053
0.001399
0.001505
0.001730
0.002758
0.001024
0.001726
0.003303
0.002025
0.001444
0.002987
0.001000
0.006210
0.003540
0.001140
0.001748
0.002334
0.001199
0.004993
0.007228
0.002308
0.001993
0.002306
0.001798
0.003260
0.002042
0.002036
0.001071
0.001210
0.001265
0.001650
0.001049
0.002014
0.004056
0.001892
0.001239
0.004567
0.017009
0.013149
0.001484
0.001363
0.002542
0.001485
0.001165
0.001575
0.001834
0.002374
0.001000
0.002723
0.001704
0.007232
0.001331
0.029017
0.001838
0.003467
0.003018
0.001031
0.001362
0.003895
0.001256
0.001936
0.001225
0.001337
0.001052
0.046963
0.003918
0.001321
0.004278
0.003328
0.001233
0.001160
0.001021
0.005513
0.001889
0.001194
0.001284
0.067277
0.004151
0.001285
0.002656
0.001276
0.001132
0.010995
0.001241
0.002387
0.002772
0.009346
0.002588
0.019825
0.002907
0.006406
0.001810
0.007481
0.001152
0.001999
0.006705
0.010102
0.004263
0.002779
0.002635
0.001003
0.004896
0.002802
0.005615
0.001438
0.005801
0.001091
0.001420
0.002577
0.001443
0.033310
0.006985
0.001751
0.008733
0.001094
0.001075
0.002212
0.001008
0.003235
0.002048
0.002983
0.002279
0.001024
0.002253
0.003404
0.002105
0.001775
0.002681
0.001493
0.001151
0.001416
0.001499
0.023680
0.156385
0.001239
0.001382
0.005681
0.001386
0.002408
0.001876
0.002492
0.002295
0.001549
0.001094
0.001903
0.001799
0.001185
0.001090
0.001826
0.007814
0.002505
0.001204
0.001852
0.002677
0.003883
0.001273
0.001255
0.001289
0.007753
0.002188
0.001560
0.001244
0.012331
0.001493
0.001239
0.001156
0.002638
0.001061
0.001720
0.001341
0.002119
0.001082
0.006622
0.013802
0.001194
0.001551
0.001642
0.001476
0.001790
0.008503
0.001290
0.001111
0.001090
0.003365
0.003815
0.006180
0.023998
0.077089
0.001111
0.006178
0.002151
0.001865
0.001078
0.001902
0.005708
0.001364
0.002628
0.001910
0.001483
0.001105
0.004051
0.009303
0.001208
0.002673
0.005927
0.001511
0.001042
0.001348
0.003112
0.001938
0.001205
0.017726
0.002448
0.001340
0.002943
0.001585
0.001148
0.002704
0.001567
0.001299
0.001989
0.018337
0.003480
0.002353
0.001771
0.002298
0.008036
0.001125
0.001111
0.001301
0.001262
0.007750
0.001179
0.001624
0.002093
0.001023
0.003932
0.002302
0.001392
0.001851
0.001121
0.001846
0.001722
0.003455
0.003743
0.001154
0.001150
0.008659
0.004541
0.001995
0.001169
0.001463
0.001851
0.008420
